2 0.62265625 0.68125 0.1078125 0.1734375
2 0.478125 0.65859375 0.1015625 0.165625
2 0.39296875 0.4734375 0.084375 0.1328125
2 0.08671875 0.80390625 0.09375 0.1609375
2 0.11796875 0.94609375 0.1234375 0.10625
2 0.3859375 0.23203125 0.0671875 0.084375
2 0.234375 0.140625 0.05625 0.075
2 0.1890625 0.20703125 0.053125 0.084375
2 0.22578125 0.0796875 0.0453125 0.075
3 0.29296875 0.0625 0.0171875 0.071875
2 0.15625 0.103125 0.0515625 0.0671875
3 0.61796875 0.32421875 0.0234375 0.1140625
3 0.8015625 0.4078125 0.0296875 0.115625
3 0.83046875 0.4 0.0265625 0.115625
3 0.56640625 0.0890625 0.0125 0.0390625