3 0.05390625 0.4125 0.0203125 0.1140625
3 0.0640625 0.39921875 0.0484375 0.0828125
3 0.06875 0.46171875 0.0171875 0.115625
3 0.0828125 0.51328125 0.0203125 0.115625
2 0.08203125 0.80859375 0.0890625 0.1734375
2 0.11875 0.9484375 0.128125 0.1015625
2 0.32109375 0.29296875 0.0671875 0.1109375
3 0.271875 0.2640625 0.0234375 0.103125
2 0.2984375 0.18515625 0.0703125 0.103125
2 0.83984375 0.4046875 0.1515625 0.1109375
3 0.61796875 0.6859375 0.0234375 0.134375
3 0.98828125 0.6453125 0.0203125 0.090625