2 0.084375 0.8015625 0.09375 0.159375
2 0.11796875 0.9515625 0.1234375 0.096875
3 0.78125 0.91484375 0.040625 0.16875
3 0.553125 0.7453125 0.0484375 0.1875
2 0.428125 0.5359375 0.0875 0.1421875
2 0.5421875 0.5203125 0.0921875 0.1515625
2 0.48203125 0.4 0.09375 0.146875
2 0.34375 0.3578125 0.075 0.11875
2 0.39921875 0.27421875 0.0703125 0.1140625
2 0.31640625 0.2765625 0.0625 0.1078125
3 0.2046875 0.29296875 0.03125 0.1015625
3 0.265625 0.08046875 0.0203125 0.0828125
3 0.29296875 0.0453125 0.021875 0.075
2 0.13203125 0.46484375 0.1453125 0.1328125
3 0.5875 0.33046875 0.021875 0.1109375