4 0.4578125 0.4703125 0.01875 0.0828125
0 0.6296875 0.9546875 0.0921875 0.090625
1 0.12265625 0.41328125 0.2453125 0.8265625
4 0.83125 0.52109375 0.053125 0.071875
4 0.3875 0.34296875 0.015625 0.046875
2 0.35546875 0.45546875 0.0515625 0.1015625
4 0.8421875 0.52265625 0.028125 0.05625
4 0.56328125 0.53203125 0.0390625 0.06875
2 0.25390625 0.36171875 0.0390625 0.0609375
4 0.81875 0.52109375 0.025 0.053125
0 0.565625 0.5484375 0.0390625 0.0390625
2 0.26640625 0.425 0.05 0.08125
4 0.51328125 0.7703125 0.0359375 0.1484375
4 0.5546875 0.6421875 0.015625 0.128125
4 0.2859375 0.6765625 0.0265625 0.128125
4 0.33515625 0.5859375 0.0234375 0.103125
4 0.18359375 0.64765625 0.0203125 0.11875
4 0.1078125 0.61796875 0.0203125 0.128125
4 0.284375 0.54296875 0.0234375 0.1
4 0.26171875 0.52421875 0.015625 0.1078125
4 0.36875 0.5015625 0.0203125 0.0921875
4 0.628125 0.48203125 0.015625 0.0796875
4 0.94609375 0.7921875 0.028125 0.109375
4 0.87890625 0.65625 0.0203125 0.103125