2 0.1578125 0.48671875 0.053125 0.0859375
2 0.83359375 0.56328125 0.059375 0.1265625
2 0.22265625 0.45234375 0.0609375 0.071875
2 0.93984375 0.66484375 0.065625 0.134375
2 0.5703125 0.353125 0.0421875 0.0703125
2 0.1171875 0.540625 0.0515625 0.115625
2 0.10703125 0.37734375 0.0375 0.0375
2 0.1234375 0.4421875 0.0421875 0.059375
2 0.859375 0.396875 0.0359375 0.0625
4 0.5609375 0.4203125 0.015625 0.0578125
2 0.425 0.3671875 0.0703125 0.0578125
2 0.90078125 0.4375 0.0375 0.0640625
2 0.69921875 0.3609375 0.0328125 0.053125
2 0.0640625 0.4796875 0.0609375 0.1265625
2 0.81484375 0.3390625 0.0265625 0.0453125
2 0.6484375 0.37578125 0.0359375 0.059375
2 0.9859375 0.91953125 0.028125 0.1546875
2 0.7046875 0.325 0.025 0.0390625
2 0.61875 0.3453125 0.03125 0.059375
2 0.02265625 0.45703125 0.0359375 0.059375
2 0.89453125 0.89453125 0.10625 0.2109375
2 0.66328125 0.34296875 0.028125 0.0484375
4 0.48125 0.4234375 0.015625 0.0609375
2 0.6484375 0.30234375 0.0265625 0.0453125
4 0.265625 0.38203125 0.01875 0.0359375
4 0.54765625 0.37734375 0.0125 0.0515625
2 0.15078125 0.41796875 0.04375 0.05
2 0.046875 0.35625 0.025 0.034375
4 0.7453125 0.4359375 0.0125 0.06875
2 0.09296875 0.44765625 0.0375 0.0640625
2 0.8765625 0.32421875 0.021875 0.0375
4 0.359375 0.4171875 0.0125 0.0609375
4 0.47265625 0.42578125 0.0125 0.0609375
4 0.63984375 0.42734375 0.0125 0.0625
4 0.68984375 0.42265625 0.009375 0.059375
4 0.69609375 0.4421875 0.015625 0.065625
4 0.709375 0.43671875 0.009375 0.065625
4 0.71875 0.41484375 0.0125 0.0640625
4 0.60859375 0.40390625 0.0140625 0.0609375