2 0.67421875 0.6296875 0.103125 0.1375
2 0.6453125 0.37734375 0.0625 0.075
2 0.1296875 0.396875 0.040625 0.08125
2 0.73984375 0.30390625 0.034375 0.0453125
4 0.39140625 0.35234375 0.015625 0.0546875
2 0.1015625 0.43515625 0.034375 0.0671875
2 0.065625 0.45859375 0.0328125 0.0640625
2 0.90546875 0.32421875 0.021875 0.0375
2 0.7390625 0.23359375 0.0203125 0.028125
2 0.88984375 0.296875 0.01875 0.034375
2 0.9609375 0.3453125 0.021875 0.0375
2 0.92734375 0.303125 0.0171875 0.034375
2 0.05546875 0.42734375 0.0296875 0.05625
2 0.07109375 0.39140625 0.0234375 0.0390625
2 0.0625 0.3625 0.0203125 0.03125
2 0.1 0.365625 0.028125 0.04375
4 0.6078125 0.26171875 0.0109375 0.040625
2 0.04296875 0.3625 0.021875 0.03125
2 0.0796875 0.4109375 0.0234375 0.046875
4 0.49140625 0.30859375 0.0109375 0.04375
2 0.27265625 0.27578125 0.025 0.0296875
2 0.91171875 0.26640625 0.0171875 0.0328125
3 0.95 0.43046875 0.0296875 0.0515625
1 0.34375 0.275 0.128125 0.0640625
1 0.0421875 0.32421875 0.0328125 0.0546875