2 0.94609375 0.66796875 0.0703125 0.1453125
2 0.19609375 0.44453125 0.05625 0.06875
2 0.09765625 0.5015625 0.046875 0.08125
2 0.3859375 0.3796875 0.071875 0.0578125
2 0.49921875 0.35078125 0.053125 0.053125
2 0.14140625 0.471875 0.0515625 0.075
2 0.08828125 0.43203125 0.0375 0.0609375
2 0.57421875 0.359375 0.0359375 0.0609375
2 0.66171875 0.346875 0.0265625 0.0515625
2 0.70234375 0.35859375 0.03125 0.065625
2 0.596875 0.31640625 0.0390625 0.071875
2 0.640625 0.3 0.0328125 0.0625
2 0.06171875 0.46875 0.0421875 0.06875
4 0.0375 0.578125 0.0203125 0.0734375
4 0.64140625 0.41875 0.0140625 0.05625
2 0.6703125 0.3125 0.025 0.0515625
4 0.4828125 0.40625 0.015625 0.0625
2 0.03515625 0.44375 0.0328125 0.05625
2 0.6375 0.37578125 0.0359375 0.0625
2 0.62109375 0.3453125 0.03125 0.0515625
4 0.840625 0.50703125 0.0171875 0.078125
4 0.8109375 0.45859375 0.0171875 0.0703125
2 0.70703125 0.3171875 0.0265625 0.040625
2 0.8984375 0.36953125 0.028125 0.0671875
2 0.053125 0.4203125 0.025 0.040625
4 0.78125 0.45546875 0.0140625 0.0671875
4 0.759375 0.446875 0.0109375 0.0578125
1 0.10703125 0.3875 0.1328125 0.109375