2 0.4359375 0.72734375 0.128125 0.2140625
2 0.55625 0.528125 0.071875 0.1171875
2 0.39609375 0.59375 0.1296875 0.2125
2 0.14765625 0.46015625 0.053125 0.071875
0 0.27734375 0.57265625 0.0421875 0.1015625
2 0.26328125 0.3875 0.06875 0.053125
2 0.1046875 0.4390625 0.0359375 0.0609375
2 0.08984375 0.4953125 0.0375 0.084375
2 0.221875 0.44453125 0.06875 0.084375
2 0.65234375 0.28515625 0.025 0.04375
2 0.02265625 0.41328125 0.034375 0.053125
0 0.7625 0.4546875 0.05 0.05625
4 0.48671875 0.41015625 0.0140625 0.0671875
2 0.621875 0.340625 0.0359375 0.05625
2 0.35546875 0.36796875 0.0765625 0.0734375
2 0.046875 0.3609375 0.025 0.034375
2 0.06640625 0.46015625 0.034375 0.0578125
2 0.1234375 0.36953125 0.0375 0.0453125
4 0.27421875 0.48125 0.0140625 0.0671875
2 0.00625 0.40078125 0.0125 0.046875
2 0.87578125 0.3234375 0.0234375 0.0453125
4 0.4546875 0.40078125 0.0140625 0.059375
4 0.24765625 0.47421875 0.01875 0.0796875