2 0.94140625 0.4171875 0.0390625 0.053125
2 0.42578125 0.3609375 0.0359375 0.0609375
2 0.44765625 0.32734375 0.0375 0.046875
2 0.3625 0.378125 0.034375 0.0640625
2 0.29765625 0.36015625 0.03125 0.0625
2 0.1640625 0.35390625 0.0296875 0.0625
2 0.33828125 0.34609375 0.028125 0.053125
4 0.22265625 0.45078125 0.01875 0.08125
2 0.40703125 0.31875 0.0390625 0.06875
2 0.37890625 0.34609375 0.0296875 0.0546875
2 0.1234375 0.31953125 0.021875 0.0453125
4 0.9859375 0.60234375 0.0203125 0.0734375
2 0.215625 0.2921875 0.0203125 0.040625
4 0.61796875 0.3921875 0.015625 0.065625
2 0.359375 0.30546875 0.034375 0.065625
2 0.18359375 0.30390625 0.021875 0.0421875
4 0.46953125 0.38125 0.0109375 0.046875
4 0.58125 0.3953125 0.0171875 0.0578125
4 0.65546875 0.36484375 0.0125 0.046875
3 0.7484375 0.5953125 0.0359375 0.0984375
3 0.96015625 0.73515625 0.0390625 0.109375