2 0.08984375 0.803125 0.140625 0.16484375
2 0.2953125 0.74453125 0.14921875 0.12421875
2 0.728125 0.69453125 0.14921875 0.1328125
2 0.20390625 0.6703125 0.1296875 0.08515625
2 0.34609375 0.66875 0.134375 0.1046875
2 0.46953125 0.62890625 0.1125 0.0796875
2 0.5203125 0.69296875 0.1234375 0.0984375
2 0.64375 0.625 0.121875 0.071875
2 0.7546875 0.6078125 0.11484375 0.07421875
2 0.6703125 0.49140625 0.0828125 0.06484375
3 0.7203125 0.5515625 0.0421875 0.03984375
3 0.784375 0.48515625 0.046875 0.053125