2 0.18984375 0.18046875 0.05625 0.0828125
2 0.359375 0.19375 0.0671875 0.0984375
2 0.25234375 0.0296875 0.0484375 0.059375
2 0.2328125 0.321875 0.0671875 0.0984375
2 0.4328125 0.3328125 0.0703125 0.10625
3 0.046875 0.03515625 0.0171875 0.0671875
3 0.9421875 0.365625 0.0703125 0.1078125
3 0.94375 0.3859375 0.0703125 0.1109375
3 0.953125 0.39921875 0.0609375 0.1109375
2 0.4 0.48828125 0.0890625 0.1375
2 0.08203125 0.81015625 0.0890625 0.1734375
2 0.1203125 0.94921875 0.128125 0.0984375
2 0.24765625 0.13671875 0.0484375 0.071875