3 0.43359375 0.87265625 0.0484375 0.190625
3 0.85078125 0.6890625 0.0296875 0.134375
2 0.91328125 0.79453125 0.0921875 0.1640625
2 0.87265625 0.946875 0.134375 0.10625
2 0.74375 0.41328125 0.0703125 0.1109375
2 0.609375 0.4625 0.0828125 0.1375
2 0.49375 0.4578125 0.0875 0.1234375
2 0.5578125 0.31875 0.071875 0.1015625
2 0.6765625 0.30625 0.071875 0.10625
2 0.696875 0.24609375 0.0625 0.1109375
2 0.728125 0.1546875 0.071875 0.128125
3 0.359375 0.30859375 0.021875 0.11875
3 0.0453125 0.37734375 0.0796875 0.1203125