2 0.734375 0.1734375 0.05625 0.084375
2 0.81953125 0.18359375 0.0453125 0.075
3 0.65859375 0.1859375 0.0171875 0.075
2 0.796875 0.0265625 0.05625 0.053125
3 0.65 0.259375 0.0265625 0.09375
2 0.60078125 0.2609375 0.065625 0.0859375
2 0.70078125 0.26171875 0.0453125 0.0921875
2 0.746875 0.02734375 0.05 0.0546875
1 0.871875 0.0296875 0.075 0.059375
2 0.56953125 0.31640625 0.0671875 0.0984375
3 0.3953125 0.3328125 0.021875 0.1109375
3 0.321875 0.3328125 0.0265625 0.1140625
3 0.0671875 0.34765625 0.0265625 0.0921875
1 0.74375 0.35234375 0.1390625 0.3015625
3 0.58984375 0.415625 0.0296875 0.1234375
2 0.509375 0.428125 0.084375 0.115625
2 0.5640625 0.5640625 0.0984375 0.159375
2 0.475 0.78828125 0.10625 0.1734375
2 0.91796875 0.80546875 0.0890625 0.1734375
3 0.3421875 0.91796875 0.040625 0.159375
2 0.88125 0.9484375 0.128125 0.1015625
2 0.821875 0.125 0.0453125 0.071875
2 0.75703125 0.13671875 0.04375 0.071875