3 0.225 0.1609375 0.021875 0.0765625
3 0.228125 0.28515625 0.03125 0.1078125
3 0.41484375 0.290625 0.0265625 0.1234375
3 0.28828125 0.29296875 0.0265625 0.1078125
2 0.209375 0.03359375 0.0359375 0.0484375
3 0.06484375 0.3390625 0.0203125 0.1109375
2 0.3453125 0.3453125 0.075 0.1390625
3 0.703125 0.353125 0.025 0.1328125
3 0.9421875 0.396875 0.0875 0.1515625
0 0.75390625 0.4953125 0.0703125 0.096875
2 0.53125 0.521875 0.0890625 0.1375
1 0.33671875 0.61171875 0.1734375 0.4015625
2 0.0828125 0.7984375 0.0890625 0.153125
3 0.203125 0.08671875 0.0203125 0.053125
3 0.5609375 0.89453125 0.04375 0.190625
2 0.303125 0.08984375 0.0453125 0.0796875
2 0.1203125 0.9484375 0.125 0.1015625
3 0.28828125 0.13203125 0.0234375 0.0921875