2 0.74296875 0.140625 0.0578125 0.084375
2 0.709375 0.22109375 0.0625 0.084375
2 0.7953125 0.025 0.053125 0.05
2 0.6890625 0.30078125 0.0703125 0.0984375
3 0.3859375 0.33671875 0.0171875 0.125
2 0.553125 0.36796875 0.0625 0.115625
3 0.93046875 0.41796875 0.025 0.1078125
3 0.74296875 0.0625 0.0203125 0.0703125
3 0.49296875 0.75 0.040625 0.1859375
3 0.696875 0.0765625 0.0203125 0.0703125
3 0.38671875 0.765625 0.0390625 0.1734375
2 0.9125 0.7953125 0.0890625 0.1546875
2 0.21484375 0.915625 0.15625 0.16875
2 0.88203125 0.9484375 0.115625 0.1015625