3 0.6703125 0.1734375 0.0171875 0.0921875
2 0.734375 0.18359375 0.065625 0.10625
2 0.6140625 0.2171875 0.059375 0.121875
3 0.9328125 0.23828125 0.0203125 0.084375
3 0.36171875 0.30859375 0.0140625 0.0890625
3 0.3953125 0.3328125 0.021875 0.1078125
2 0.475 0.5015625 0.090625 0.1421875
2 0.609375 0.50390625 0.0828125 0.1328125
3 0.7234375 0.0515625 0.0203125 0.0765625
3 0.2875 0.54296875 0.0203125 0.1328125
1 0.8640625 0.07421875 0.090625 0.1484375
3 0.478125 0.078125 0.0171875 0.075
2 0.3234375 0.78828125 0.1203125 0.1734375
2 0.91796875 0.80546875 0.0890625 0.1734375
3 0.75 0.09375 0.021875 0.0765625
2 0.88125 0.9484375 0.128125 0.1015625
3 0.803125 0.10078125 0.0203125 0.075
3 0.68046875 0.103125 0.0203125 0.0703125
3 0.790625 0.11328125 0.021875 0.0828125