3 0.56640625 0.87265625 0.0484375 0.190625
3 0.14921875 0.6890625 0.0296875 0.134375
2 0.08671875 0.79453125 0.0921875 0.1640625
2 0.12734375 0.946875 0.134375 0.10625
2 0.25625 0.41328125 0.0703125 0.1109375
2 0.390625 0.4625 0.0828125 0.1375
2 0.50625 0.4578125 0.0875 0.1234375
2 0.4421875 0.31875 0.071875 0.1015625
2 0.3234375 0.30625 0.071875 0.10625
2 0.303125 0.24609375 0.0625 0.1109375
2 0.271875 0.1546875 0.071875 0.128125
3 0.640625 0.30859375 0.021875 0.11875
3 0.9546875 0.37734375 0.0796875 0.1203125