4 0.5359375 0.63203125 0.1734375 0.3890625
2 0.88203125 0.94921875 0.1296875 0.0984375
2 0.915625 0.7953125 0.096875 0.1515625
2 0.76328125 0.334375 0.0703125 0.125
2 0.7015625 0.2671875 0.0703125 0.103125
2 0.67890625 0.1109375 0.084375 0.1703125
3 0.7984375 0.1578125 0.0265625 0.084375
3 0.7546875 0.1140625 0.0265625 0.0828125
2 0.80859375 0.04921875 0.0453125 0.071875
3 0.453125 0.1359375 0.0203125 0.0921875
3 0.06015625 0.4171875 0.0796875 0.1203125
3 0.92890625 0.1578125 0.0171875 0.0796875