3 0.078125 0.1390625 0.0125 0.05625
3 0.2859375 0.165625 0.0203125 0.0890625
3 0.0453125 0.02890625 0.0125 0.05625
2 0.19921875 0.03359375 0.0609375 0.0671875
3 0.9640625 0.4125 0.025 0.115625
3 0.9421875 0.4171875 0.0203125 0.103125
2 0.5484375 0.57109375 0.0875 0.1375
3 0.125 0.69921875 0.025 0.1421875
3 0.09765625 0.7015625 0.021875 0.1375
0 0.821875 0.79453125 0.0359375 0.159375
2 0.0828125 0.8078125 0.0875 0.1703125
1 0.4828125 0.91328125 0.2234375 0.1703125
2 0.1203125 0.9484375 0.128125 0.1015625
3 0.06015625 0.1359375 0.0125 0.0625