1 0.56875 0.81484375 0.2828125 0.36875
2 0.74765625 0.88203125 0.121875 0.184375
0 0.6578125 0.5640625 0.025 0.1328125
0 0.58984375 0.48203125 0.025 0.146875
2 0.5015625 0.4546875 0.0875 0.134375
2 0.3921875 0.46484375 0.0796875 0.1296875
3 0.62109375 0.32421875 0.0171875 0.11875
3 0.68046875 0.26328125 0.0203125 0.10625
2 0.08515625 0.80625 0.09375 0.16875
2 0.12109375 0.94921875 0.1234375 0.096875
3 0.2875 0.22734375 0.021875 0.0984375
3 0.2390625 0.19375 0.0203125 0.090625
3 0.2078125 0.15 0.025 0.0890625
2 0.3734375 0.23671875 0.065625 0.0984375
3 0.56640625 0.08984375 0.0171875 0.0484375
2 0.3171875 0.12265625 0.0515625 0.0796875
3 0.28515625 0.14765625 0.0203125 0.0625
3 0.26953125 0.0796875 0.0203125 0.0703125
2 0.2328125 0.1 0.0515625 0.075
2 0.28515625 0.05390625 0.0453125 0.0703125
2 0.1578125 0.103125 0.0453125 0.075
3 0.2015625 0.0515625 0.0140625 0.065625
3 0.2390625 0.046875 0.0203125 0.05625
2 0.140625 0.0765625 0.04375 0.0671875