3 0.0453125 0.02890625 0.009375 0.0484375
3 0.05546875 0.02890625 0.0125 0.053125
3 0.07109375 0.02890625 0.0125 0.053125
3 0.06640625 0.35234375 0.021875 0.096875
3 0.240625 0.05078125 0.0203125 0.0703125
3 0.53828125 0.353125 0.0171875 0.115625
3 0.85078125 0.31640625 0.0203125 0.1109375
3 0.97578125 0.3484375 0.021875 0.1171875
3 0.68515625 0.415625 0.0703125 0.1140625
3 0.41953125 0.353125 0.028125 0.1140625
3 0.54453125 0.63203125 0.025 0.153125
2 0.11875 0.94921875 0.125 0.0984375
2 0.08203125 0.80859375 0.0890625 0.1703125