3 0.94140625 0.134375 0.009375 0.0625
3 0.9203125 0.13828125 0.0125 0.0578125
3 0.7328125 0.1671875 0.021875 0.0921875
2 0.64765625 0.18984375 0.0546875 0.0890625
2 0.64921875 0.3734375 0.075 0.1109375
0 0.4265625 0.4125 0.0265625 0.1234375
3 0.0609375 0.35 0.0171875 0.1015625
3 0.040625 0.34765625 0.025 0.1078125
2 0.4078125 0.896875 0.1453125 0.2046875
2 0.415625 0.65234375 0.09375 0.1453125
2 0.91796875 0.8078125 0.0890625 0.1703125
3 0.8421875 0.8578125 0.0296875 0.134375
3 0.8109375 0.8578125 0.0296875 0.134375
2 0.88125 0.9484375 0.128125 0.1015625