1 0.8234375 0.13203125 0.09375 0.2078125
2 0.7546875 0.1109375 0.0515625 0.075
2 0.7640625 0.328125 0.0578125 0.096875
2 0.8015625 0.24765625 0.0484375 0.0875
2 0.78828125 0.28515625 0.0515625 0.09375
2 0.71015625 0.234375 0.0546875 0.0890625
2 0.6890625 0.271875 0.05625 0.0875
2 0.6703125 0.31953125 0.0703125 0.0984375
3 0.640625 0.28515625 0.021875 0.0890625
3 0.615625 0.3703125 0.0265625 0.1140625
2 0.5796875 0.31953125 0.0671875 0.0984375
2 0.59609375 0.26953125 0.059375 0.0796875
3 0.515625 0.3484375 0.0265625 0.1078125
3 0.4125 0.3234375 0.025 0.1109375
3 0.98046875 0.59765625 0.0265625 0.128125
2 0.91796875 0.80625 0.0890625 0.16875
2 0.88125 0.9484375 0.125 0.1015625
2 0.3953125 0.61875 0.0765625 0.146875
2 0.353125 0.68125 0.103125 0.18125
2 0.3125 0.78515625 0.1015625 0.16875
2 0.24609375 0.90390625 0.134375 0.190625
2 0.1671875 0.97265625 0.1234375 0.053125