2 0.91328125 0.803125 0.09375 0.165625
2 0.8734375 0.94609375 0.1390625 0.10625
2 0.66328125 0.33203125 0.071875 0.103125
2 0.56015625 0.3296875 0.075 0.1140625
2 0.5953125 0.271875 0.0625 0.1015625
2 0.70078125 0.234375 0.0640625 0.1015625
3 0.9234375 0.46171875 0.0703125 0.1234375
3 0.55859375 0.45546875 0.0296875 0.1328125
3 0.3734375 0.75859375 0.04375 0.1859375
3 0.2921875 0.72265625 0.0390625 0.1640625
3 0.4625 0.25625 0.021875 0.103125
3 0.2203125 0.38125 0.0171875 0.10625
3 0.19453125 0.38125 0.03125 0.11875
3 0.078125 0.43984375 0.025 0.0828125
1 0.77265625 0.27265625 0.1109375 0.253125
1 0.8265625 0.11328125 0.1015625 0.2
3 0.515625 0.0484375 0.0140625 0.05625