4 0.71171875 0.1890625 0.0828125 0.196875
2 0.75 0.02265625 0.0484375 0.0453125
3 0.93359375 0.22265625 0.0140625 0.075
3 0.55546875 0.2328125 0.0265625 0.103125
2 0.6078125 0.23671875 0.071875 0.128125
2 0.81015625 0.0265625 0.04375 0.0515625
2 0.6671875 0.3015625 0.071875 0.096875
2 0.63203125 0.40390625 0.0828125 0.1234375
2 0.50703125 0.41015625 0.0828125 0.1109375
3 0.6921875 0.584375 0.034375 0.1421875
3 0.4828125 0.615625 0.040625 0.153125
2 0.915625 0.7984375 0.09375 0.1609375
2 0.87890625 0.94609375 0.128125 0.10625