2 0.20078125 0.0453125 0.04375 0.0671875
2 0.2984375 0.2328125 0.0703125 0.115625
2 0.32109375 0.134375 0.04375 0.0703125
3 0.428125 0.5140625 0.03125 0.1375
3 0.9375 0.38203125 0.0203125 0.10625
3 0.95703125 0.37734375 0.0203125 0.1140625
0 0.6765625 0.59140625 0.03125 0.1421875
2 0.1203125 0.9484375 0.128125 0.1015625
2 0.08203125 0.80859375 0.0890625 0.1734375
3 0.1390625 0.7703125 0.0296875 0.146875
3 0.171875 0.76796875 0.0265625 0.146875
3 0.05625 0.0375 0.0125 0.0515625
3 0.05859375 0.1359375 0.0125 0.0625