3 0.73046875 0.1453125 0.021875 0.0828125
1 0.78515625 0.24609375 0.125 0.2671875
2 0.68515625 0.27734375 0.0625 0.103125
3 0.3734375 0.39921875 0.0765625 0.1140625
0 0.29921875 0.43984375 0.0703125 0.11875
0 0.3171875 0.446875 0.0703125 0.1203125
3 0.47265625 0.521875 0.0203125 0.1390625
3 0.49296875 0.53515625 0.040625 0.128125
1 0.8375 0.07578125 0.0984375 0.1515625
2 0.91484375 0.80390625 0.09375 0.1609375
3 0.43359375 0.0875 0.0125 0.04375
2 0.28359375 0.92890625 0.11875 0.1390625
2 0.88203125 0.94921875 0.125 0.0984375