3 0.28984375 0.2390625 0.021875 0.1015625
2 0.2046875 0.02734375 0.053125 0.0546875
0 0.47734375 0.27421875 0.0234375 0.10625
0 0.5171875 0.3140625 0.0265625 0.115625
3 0.6046875 0.3328125 0.0234375 0.1109375
3 0.5 0.35703125 0.025 0.0796875
3 0.78125 0.453125 0.021875 0.0921875
2 0.50390625 0.45546875 0.084375 0.1203125
3 0.5109375 0.61640625 0.034375 0.146875
1 0.353125 0.64921875 0.184375 0.4359375
2 0.6453125 0.66015625 0.11875 0.1734375
3 0.47734375 0.7390625 0.0359375 0.1375
2 0.08203125 0.80078125 0.0875 0.1640625
2 0.56875 0.85546875 0.125 0.2046875
3 0.78671875 0.93828125 0.0578125 0.1234375
2 0.11875 0.9484375 0.128125 0.1015625