2 0.24765625 0.3734375 0.071875 0.115625
2 0.41015625 0.275 0.0703125 0.10625
3 0.3328125 0.25 0.0265625 0.1015625
2 0.5453125 0.509375 0.0890625 0.1375
3 0.68125 0.321875 0.025 0.1171875
2 0.67578125 0.72578125 0.1203125 0.2
2 0.58046875 0.915625 0.11875 0.165625
2 0.41796875 0.8921875 0.1078125 0.2140625
2 0.8015625 0.946875 0.1453125 0.10625
3 0.959375 0.40390625 0.0796875 0.1265625
3 0.61875 0.2078125 0.021875 0.0828125
2 0.07578125 0.48046875 0.1390625 0.115625
2 0.08515625 0.796875 0.096875 0.1609375
2 0.11875 0.9484375 0.125 0.1015625