2 0.6671875 0.140625 0.040625 0.075
2 0.6234375 0.24296875 0.075 0.103125
2 0.7328125 0.03125 0.053125 0.0625
3 0.38203125 0.33203125 0.0203125 0.1078125
3 0.6609375 0.3609375 0.03125 0.1234375
2 0.553125 0.36640625 0.075 0.1078125
3 0.0609375 0.38828125 0.075 0.115625
0 0.20703125 0.4515625 0.0484375 0.103125
2 0.93359375 0.48046875 0.1234375 0.1078125
2 0.59765625 0.490625 0.0875 0.125
3 0.94140625 0.5203125 0.025 0.115625
3 0.96640625 0.52734375 0.0265625 0.11875
2 0.41953125 0.59375 0.0984375 0.1453125
2 0.9203125 0.796875 0.09375 0.146875
3 0.38828125 0.89921875 0.040625 0.1921875
2 0.209375 0.93984375 0.134375 0.11875
2 0.88125 0.946875 0.1296875 0.10625
3 0.890625 0.11640625 0.0171875 0.0703125