2 0.7546875 0.14453125 0.0546875 0.0765625
3 0.603125 0.16484375 0.025 0.096875
3 0.3859375 0.19140625 0.021875 0.0828125
2 0.71640625 0.2171875 0.0578125 0.0765625
2 0.63359375 0.22578125 0.0609375 0.084375
3 0.76953125 0.296875 0.03125 0.1078125
3 0.7984375 0.30859375 0.025 0.09375
3 0.6296875 0.3125 0.021875 0.103125
3 0.38203125 0.32109375 0.021875 0.1109375
2 0.6515625 0.36796875 0.071875 0.1140625
2 0.53984375 0.3703125 0.0765625 0.1140625
3 0.56015625 0.48828125 0.034375 0.1390625
2 0.44140625 0.53515625 0.1015625 0.159375
3 0.82109375 0.58203125 0.0203125 0.1140625
1 0.84375 0.07578125 0.0671875 0.1515625
2 0.9171875 0.79453125 0.0890625 0.1515625
0 0.63203125 0.08671875 0.0203125 0.0796875
3 0.4359375 0.0875 0.0203125 0.0453125
2 0.8796875 0.94375 0.1296875 0.1109375