2 0.24609375 0.1453125 0.053125 0.0765625
2 0.1984375 0.02421875 0.040625 0.0359375
3 0.43046875 0.2875 0.025 0.103125
3 0.634375 0.328125 0.021875 0.1140625
3 0.08203125 0.36328125 0.0171875 0.1078125
3 0.65234375 0.36796875 0.021875 0.1015625
3 0.5609375 0.38125 0.0171875 0.1109375
3 0.1765625 0.4 0.0203125 0.1109375
3 0.3390625 0.40234375 0.0296875 0.1078125
2 0.4375 0.584375 0.10625 0.1734375
2 0.2875 0.08203125 0.0484375 0.0703125
2 0.08203125 0.81015625 0.0890625 0.1734375
3 0.77734375 0.94140625 0.0515625 0.115625
2 0.11875 0.94921875 0.125 0.0984375