3 0.19453125 0.203125 0.025 0.096875
2 0.2546875 0.02421875 0.0453125 0.0484375
3 0.22734375 0.35078125 0.0265625 0.1109375
3 0.9328125 0.37890625 0.0625 0.115625
3 0.95703125 0.41015625 0.0703125 0.1140625
3 0.2078125 0.415625 0.0359375 0.1203125
2 0.41015625 0.48671875 0.0890625 0.1328125
3 0.56875 0.553125 0.0390625 0.11875
3 0.18359375 0.06015625 0.0171875 0.0671875
3 0.5734375 0.6390625 0.0359375 0.1453125
2 0.525 0.771875 0.11875 0.1703125
2 0.084375 0.7921875 0.096875 0.1609375
3 0.303125 0.8234375 0.0390625 0.16875
3 0.6984375 0.853125 0.040625 0.1875
2 0.12109375 0.9484375 0.128125 0.1015625