2 0.18125 0.140625 0.0578125 0.0890625
2 0.33515625 0.15234375 0.0484375 0.065625
3 0.63203125 0.2125 0.021875 0.0984375
2 0.2953125 0.2484375 0.053125 0.0875
2 0.25703125 0.0265625 0.0578125 0.053125
1 0.23046875 0.296875 0.125 0.2671875
3 0.4546875 0.30078125 0.0265625 0.065625
2 0.33046875 0.31484375 0.0640625 0.0984375
2 0.140625 0.03359375 0.053125 0.0671875
2 0.475 0.4 0.084375 0.1421875
2 0.18984375 0.0421875 0.040625 0.0625
3 0.3796875 0.4703125 0.034375 0.125
2 0.07421875 0.47265625 0.1390625 0.1296875
2 0.4640625 0.603125 0.096875 0.165625
2 0.08203125 0.80625 0.0890625 0.1703125
2 0.11875 0.9484375 0.125 0.1015625