2 0.28125 0.0578125 0.0453125 0.0703125
2 0.25234375 0.1265625 0.053125 0.0984375
3 0.209375 0.16796875 0.021875 0.084375
2 0.27421875 0.18046875 0.0578125 0.0796875
2 0.2828125 0.225 0.0515625 0.0796875
2 0.3125 0.26953125 0.0609375 0.09375
3 0.38125 0.24375 0.021875 0.1015625
3 0.328125 0.1609375 0.021875 0.0875
2 0.46875 0.3859375 0.071875 0.1140625
2 0.40234375 0.4796875 0.0828125 0.125
2 0.6453125 0.70546875 0.10625 0.1609375
3 0.66015625 0.96484375 0.0625 0.065625
2 0.11875 0.946875 0.128125 0.103125
2 0.08203125 0.803125 0.0890625 0.1703125
3 0.08203125 0.55546875 0.021875 0.128125