2 0.27421875 0.20078125 0.065625 0.1078125
3 0.271875 0.03125 0.0234375 0.0625
3 0.0625 0.3140625 0.0203125 0.0953125
3 0.65859375 0.3296875 0.025 0.1109375
3 0.85703125 0.35546875 0.0203125 0.1078125
3 0.5765625 0.3796875 0.028125 0.1109375
3 0.53984375 0.38828125 0.028125 0.1078125
3 0.15859375 0.39765625 0.0203125 0.1203125
3 0.48203125 0.459375 0.03125 0.1203125
2 0.38125 0.46875 0.0796875 0.11875
2 0.5421875 0.52890625 0.09375 0.1328125
2 0.68984375 0.78515625 0.115625 0.18125
2 0.08203125 0.80859375 0.0890625 0.1703125
2 0.11875 0.94921875 0.125 0.0984375