3 0.375 0.17890625 0.0140625 0.0828125
3 0.71015625 0.209375 0.021875 0.090625
2 0.81015625 0.021875 0.04375 0.0390625
3 0.740625 0.0265625 0.025 0.053125
3 0.3484375 0.31484375 0.0171875 0.1109375
3 0.06484375 0.3796875 0.0765625 0.1203125
3 0.82421875 0.40390625 0.0171875 0.1234375
2 0.38203125 0.66484375 0.1015625 0.1515625
3 0.4515625 0.7453125 0.0390625 0.16875
2 0.91796875 0.80859375 0.0890625 0.1703125
2 0.8796875 0.9484375 0.128125 0.1015625
3 0.79921875 0.1078125 0.0203125 0.0765625
3 0.46640625 0.109375 0.0171875 0.075
3 0.44921875 0.109375 0.0171875 0.075