2 0.3328125 0.1546875 0.04375 0.065625
2 0.2515625 0.02265625 0.0484375 0.040625
2 0.30546875 0.25703125 0.0703125 0.1140625
3 0.05859375 0.28984375 0.0171875 0.0921875
3 0.07421875 0.2984375 0.0125 0.0609375
3 0.7328125 0.3171875 0.0171875 0.1015625
3 0.9390625 0.390625 0.075 0.1234375
3 0.084375 0.41328125 0.0140625 0.1015625
2 0.1890625 0.421875 0.11875 0.128125
2 0.08203125 0.80859375 0.0890625 0.1734375
2 0.71171875 0.87109375 0.1328125 0.1875
1 0.5359375 0.9109375 0.2328125 0.1765625
2 0.26796875 0.0953125 0.053125 0.0703125
2 0.11875 0.9484375 0.128125 0.1015625
2 0.2453125 0.1359375 0.0578125 0.0953125
0 0.3859375 0.13828125 0.0203125 0.0828125