3 0.7671875 0.046875 0.0171875 0.0625
1 0.83671875 0.0921875 0.0828125 0.18125
2 0.73828125 0.1296875 0.0703125 0.1109375
2 0.7140625 0.21640625 0.0515625 0.0703125
2 0.696875 0.26953125 0.0578125 0.09375
2 0.66953125 0.31953125 0.0703125 0.10625
2 0.58515625 0.2875 0.0796875 0.1203125
2 0.60703125 0.24296875 0.0515625 0.0828125
2 0.6390625 0.2015625 0.0546875 0.075
1 0.78359375 0.26171875 0.11875 0.2578125
3 0.6234375 0.484375 0.0328125 0.134375
3 0.56484375 0.43046875 0.03125 0.125
2 0.88125 0.94921875 0.125 0.0984375
2 0.91796875 0.81015625 0.0890625 0.1734375
3 0.93515625 0.13671875 0.009375 0.0609375
3 0.99140625 0.11875 0.009375 0.0609375
3 0.0515625 0.41796875 0.03125 0.1078125