2 0.0828125 0.803125 0.09375 0.16875
2 0.11875 0.94921875 0.125 0.0984375
3 0.24140625 0.80859375 0.034375 0.1703125
3 0.07421875 0.47734375 0.0296875 0.1234375
3 0.0515625 0.490625 0.025 0.1109375
1 0.21015625 0.2359375 0.115625 0.2484375
1 0.28515625 0.1390625 0.1140625 0.209375
2 0.209375 0.05390625 0.0453125 0.0703125
2 0.4671875 0.4046875 0.0828125 0.1234375
3 0.48671875 0.63203125 0.040625 0.159375
2 0.615625 0.6234375 0.1203125 0.1875
3 0.83515625 0.4046875 0.0625 0.1203125
3 0.96015625 0.4046875 0.0796875 0.1234375
3 0.56484375 0.0875 0.0125 0.0515625