3 0.05546875 0.203125 0.0140625 0.071875
3 0.06875 0.14453125 0.0140625 0.0578125
1 0.1828125 0.14453125 0.0984375 0.2046875
3 0.19375 0.35 0.0265625 0.1078125
3 0.2015625 0.29296875 0.0296875 0.096875
3 0.36640625 0.271875 0.0265625 0.1109375
3 0.45546875 0.3453125 0.03125 0.1234375
3 0.446875 0.44921875 0.0296875 0.125
3 0.51953125 0.43984375 0.0296875 0.11875
3 0.58671875 0.5296875 0.03125 0.1375
3 0.72109375 0.54296875 0.028125 0.1328125
2 0.6890625 0.75234375 0.11875 0.2328125
3 0.5296875 0.7953125 0.04375 0.178125
2 0.43515625 0.60078125 0.1078125 0.1734375
2 0.08203125 0.80546875 0.0890625 0.16875
2 0.1203125 0.9484375 0.128125 0.1015625
3 0.60546875 0.3328125 0.021875 0.1109375
3 0.6359375 0.30078125 0.0140625 0.0921875
3 0.5421875 0.1078125 0.0171875 0.075