2 0.86015625 0.0140625 0.0421875 0.028125
3 0.3765625 0.18125 0.0140625 0.0828125
3 0.396875 0.18359375 0.0203125 0.084375
2 0.7484375 0.021875 0.0359375 0.0328125
2 0.5953125 0.275 0.0671875 0.09375
2 0.65859375 0.3453125 0.0671875 0.1140625
3 0.06484375 0.38125 0.075 0.1234375
3 0.4734375 0.4265625 0.025 0.1234375
3 0.62265625 0.525 0.034375 0.1328125
2 0.91796875 0.80859375 0.0890625 0.1703125
2 0.2875 0.9234375 0.1234375 0.1515625
2 0.88125 0.9484375 0.125 0.1015625
2 0.7640625 0.1140625 0.0484375 0.071875
2 0.6828125 0.115625 0.0484375 0.071875