2 0.69453125 0.1046875 0.0578125 0.0890625
2 0.77890625 0.2953125 0.059375 0.0953125
3 0.77265625 0.35078125 0.0234375 0.115625
2 0.734375 0.39453125 0.0703125 0.115625
2 0.5359375 0.64296875 0.096875 0.1515625
2 0.44140625 0.546875 0.0921875 0.1390625
2 0.50859375 0.43515625 0.0765625 0.1109375
2 0.91796875 0.8078125 0.0890625 0.1703125
2 0.88125 0.9484375 0.128125 0.1015625
2 0.24375 0.9046875 0.1203125 0.1859375
2 0.40390625 0.94375 0.1234375 0.1109375
3 0.2859375 0.30859375 0.0171875 0.1015625
3 0.2609375 0.3078125 0.0203125 0.10625
3 0.14453125 0.51796875 0.021875 0.125