3 0.25859375 0.14296875 0.0203125 0.0828125
2 0.2015625 0.2359375 0.05625 0.0875
3 0.2875 0.2984375 0.0265625 0.10625
2 0.36875 0.2078125 0.0578125 0.084375
3 0.4125 0.3640625 0.0265625 0.1109375
2 0.38359375 0.4546875 0.075 0.115625
2 0.51796875 0.4796875 0.084375 0.1234375
3 0.93359375 0.38125 0.075 0.1234375
3 0.62109375 0.3578125 0.021875 0.11875
3 0.625 0.18125 0.0140625 0.0828125
3 0.58671875 0.1359375 0.0125 0.0796875
2 0.74609375 0.8765625 0.134375 0.178125
2 0.11875 0.9484375 0.125 0.1015625
2 0.08203125 0.8078125 0.0890625 0.1703125