3 0.74609375 0.02734375 0.0203125 0.0546875
3 0.66484375 0.3078125 0.0296875 0.115625
2 0.515625 0.42578125 0.0828125 0.125
0 0.29921875 0.4390625 0.0671875 0.115625
0 0.31640625 0.446875 0.0671875 0.1171875
2 0.78515625 0.053125 0.0390625 0.0703125
3 0.5765625 0.5640625 0.0390625 0.1453125
2 0.3890625 0.6734375 0.1078125 0.165625
2 0.9171875 0.796875 0.09375 0.15625
3 0.43515625 0.08515625 0.0125 0.0484375
3 0.25625 0.88359375 0.05625 0.2
2 0.875 0.946875 0.1328125 0.103125
1 0.8296875 0.109375 0.09375 0.2046875