3 0.06640625 0.15390625 0.0140625 0.0765625
2 0.19453125 0.01953125 0.0359375 0.0390625
3 0.06484375 0.21640625 0.0125 0.075
3 0.915625 0.31953125 0.0171875 0.1015625
2 0.23671875 0.03359375 0.0453125 0.065625
2 0.45078125 0.36328125 0.075 0.1078125
2 0.3578125 0.38671875 0.071875 0.11875
3 0.0625 0.38828125 0.025 0.0953125
2 0.234375 0.4171875 0.084375 0.1109375
3 0.9171875 0.41953125 0.0671875 0.1171875
2 0.5140625 0.7609375 0.103125 0.1640625
3 0.15 0.8015625 0.0359375 0.1515625
2 0.08046875 0.80546875 0.0890625 0.1640625
2 0.7765625 0.9203125 0.1390625 0.159375
2 0.1203125 0.94921875 0.128125 0.0984375
2 0.2078125 0.1234375 0.0515625 0.071875