2 0.321875 0.14296875 0.0484375 0.0875
2 0.2515625 0.01953125 0.04375 0.0390625
2 0.27265625 0.18515625 0.053125 0.0828125
3 0.43515625 0.2046875 0.025 0.10625
3 0.63203125 0.21640625 0.0203125 0.0875
0 0.490625 0.303125 0.0203125 0.115625
2 0.23046875 0.31953125 0.0625 0.1015625
3 0.62265625 0.328125 0.0203125 0.11875
2 0.45703125 0.36875 0.0703125 0.103125
1 0.33671875 0.38828125 0.159375 0.325
2 0.50390625 0.46640625 0.0796875 0.128125
3 0.540625 0.6109375 0.0359375 0.1453125
2 0.28125 0.06875 0.0484375 0.0703125
2 0.646875 0.6984375 0.115625 0.196875
2 0.515625 0.7046875 0.09375 0.16875
2 0.140625 0.078125 0.04375 0.0703125
2 0.084375 0.796875 0.0921875 0.1515625
3 0.93359375 0.928125 0.0359375 0.1421875
2 0.1203125 0.94921875 0.128125 0.096875
3 0.5671875 0.09609375 0.0140625 0.0453125
2 0.1578125 0.1046875 0.0453125 0.0796875