2 0.20546875 0.15234375 0.0515625 0.0921875
3 0.2609375 0.11796875 0.0203125 0.084375
2 0.30859375 0.1 0.053125 0.0890625
2 0.3546875 0.203125 0.0578125 0.0828125
2 0.25625 0.40234375 0.0625 0.1109375
3 0.1703125 0.60546875 0.0328125 0.15625
3 0.071875 0.4125 0.021875 0.1203125
2 0.08203125 0.80625 0.0890625 0.16875
2 0.11875 0.94921875 0.128125 0.0984375
1 0.36640625 0.6859375 0.196875 0.440625
3 0.453125 0.59140625 0.034375 0.1328125
2 0.5484375 0.61875 0.096875 0.1375
2 0.53359375 0.7796875 0.115625 0.16875
2 0.6515625 0.74609375 0.10625 0.159375
3 0.678125 0.9578125 0.0453125 0.0828125
2 0.78984375 0.9265625 0.125 0.1453125
3 0.6359375 0.41015625 0.071875 0.115625
3 0.65625 0.24375 0.021875 0.0984375
3 0.8921875 0.39921875 0.0703125 0.1109375
3 0.90859375 0.43125 0.025 0.0859375