2 0.72734375 0.1765625 0.059375 0.11875
2 0.615625 0.225 0.0625 0.090625
3 0.44375 0.259375 0.0203125 0.10625
2 0.68515625 0.2671875 0.0703125 0.0921875
2 0.66484375 0.328125 0.065625 0.096875
3 0.76796875 0.03984375 0.0171875 0.071875
2 0.6296875 0.39921875 0.071875 0.1109375
3 0.89296875 0.45078125 0.0609375 0.1171875
1 0.85703125 0.04921875 0.075 0.0984375
3 0.51171875 0.509375 0.03125 0.134375
3 0.915625 0.55546875 0.021875 0.125
2 0.34140625 0.71640625 0.10625 0.1640625
2 0.91796875 0.80390625 0.0890625 0.1734375
2 0.88125 0.946875 0.128125 0.103125
2 0.38828125 0.94921875 0.1234375 0.0984375
2 0.69140625 0.10546875 0.0515625 0.075
2 0.80546875 0.1265625 0.04375 0.0765625