2 0.72578125 0.20078125 0.065625 0.1078125
3 0.728125 0.03125 0.025 0.0625
3 0.9375 0.3140625 0.0203125 0.0953125
3 0.34140625 0.3296875 0.0234375 0.1109375
3 0.14296875 0.35546875 0.0203125 0.1078125
3 0.4234375 0.3796875 0.0296875 0.1109375
3 0.46015625 0.38828125 0.0296875 0.1078125
3 0.84140625 0.39765625 0.0203125 0.1203125
3 0.51796875 0.459375 0.03125 0.1203125
2 0.61875 0.46875 0.0796875 0.11875
2 0.4578125 0.52890625 0.09375 0.1328125
2 0.31015625 0.78515625 0.115625 0.18125
2 0.91796875 0.80859375 0.0890625 0.1703125
2 0.88125 0.94921875 0.125 0.0984375