2 0.2828125 0.19921875 0.0609375 0.0890625
2 0.28984375 0.25234375 0.0609375 0.0890625
2 0.38359375 0.25859375 0.0859375 0.11875
3 0.23671875 0.0328125 0.0203125 0.0625
2 0.43046875 0.321875 0.0765625 0.1078125
3 0.6109375 0.3265625 0.021875 0.115625
2 0.3296875 0.33046875 0.071875 0.10625
2 0.240625 0.33984375 0.0703125 0.11875
3 0.34609375 0.3734375 0.0328125 0.1203125
3 0.4796875 0.44375 0.034375 0.121875
3 0.14453125 0.05859375 0.021875 0.071875
2 0.0828125 0.80625 0.096875 0.16875
3 0.66796875 0.88828125 0.04375 0.184375
2 0.12265625 0.9484375 0.1328125 0.1015625