2 0.2453125 0.14453125 0.0546875 0.0765625
3 0.396875 0.16484375 0.025 0.096875
3 0.6140625 0.19140625 0.021875 0.0828125
2 0.28359375 0.2171875 0.0578125 0.0765625
2 0.36640625 0.22578125 0.0609375 0.084375
3 0.23046875 0.296875 0.03125 0.1078125
3 0.2015625 0.30859375 0.025 0.09375
3 0.3703125 0.3125 0.021875 0.103125
3 0.61796875 0.32109375 0.021875 0.1109375
2 0.3484375 0.36796875 0.071875 0.1140625
2 0.46015625 0.3703125 0.0765625 0.1140625
3 0.43984375 0.48828125 0.034375 0.1390625
2 0.55859375 0.53515625 0.1015625 0.159375
3 0.17890625 0.58203125 0.0203125 0.1140625
1 0.15625 0.07578125 0.0671875 0.1515625
2 0.0828125 0.79453125 0.0890625 0.1515625
0 0.36796875 0.08671875 0.0203125 0.0796875
3 0.5640625 0.0875 0.0203125 0.0453125
2 0.1203125 0.94375 0.1296875 0.1109375