2 0.1890625 0.0171875 0.0453125 0.034375
2 0.265625 0.021875 0.053125 0.04375
2 0.21015625 0.2296875 0.0578125 0.0984375
2 0.39765625 0.23828125 0.0703125 0.0984375
2 0.428125 0.31953125 0.071875 0.10625
3 0.64921875 0.33984375 0.03125 0.1109375
3 0.59375 0.37734375 0.0171875 0.10625
3 0.8953125 0.3859375 0.0765625 0.1234375
3 0.07421875 0.44453125 0.0265625 0.11875
2 0.53515625 0.76953125 0.115625 0.18125
2 0.0828125 0.796875 0.09375 0.159375
2 0.303125 0.084375 0.053125 0.0765625
3 0.5640625 0.0890625 0.0125 0.040625
2 0.11875 0.9484375 0.128125 0.1015625
2 0.1546875 0.09765625 0.0515625 0.075
2 0.2390625 0.109375 0.05625 0.071875