2 0.803125 0.021875 0.0390625 0.04375
3 0.8125 0.21640625 0.025 0.09375
3 0.76328125 0.26171875 0.021875 0.04375
2 0.77421875 0.33046875 0.065625 0.1109375
2 0.6578125 0.33984375 0.075 0.115625
3 0.73203125 0.35 0.0234375 0.1078125
3 0.78125 0.3734375 0.0359375 0.1140625
3 0.0609375 0.39453125 0.075 0.10625
0 0.3453125 0.521875 0.028125 0.1328125
3 0.92578125 0.6828125 0.0296875 0.075
3 0.8171875 0.7015625 0.0328125 0.1421875
3 0.85078125 0.709375 0.0296875 0.1515625
3 0.8859375 0.709375 0.03125 0.1203125
3 0.4796875 0.740625 0.0515625 0.1734375
2 0.9171875 0.796875 0.0875 0.1421875
3 0.74609375 0.0921875 0.0265625 0.075
3 0.803125 0.0953125 0.021875 0.071875
2 0.87890625 0.9484375 0.1203125 0.1015625
3 0.6984375 0.09765625 0.0234375 0.065625