3 0.05546875 0.2140625 0.0171875 0.0828125
3 0.07578125 0.2328125 0.0140625 0.075
1 0.25 0.3421875 0.134375 0.271875
2 0.35703125 0.353125 0.071875 0.10625
3 0.93046875 0.36796875 0.025 0.1203125
0 0.6625 0.390625 0.065625 0.11875
2 0.5359375 0.4859375 0.084375 0.125
1 0.24609375 0.08046875 0.0875 0.1609375
2 0.08203125 0.80546875 0.0890625 0.1734375
3 0.48828125 0.85078125 0.04375 0.178125
2 0.77421875 0.91328125 0.134375 0.1703125
1 0.16015625 0.09375 0.0796875 0.1828125
2 0.1203125 0.946875 0.128125 0.103125