2 0.821875 0.01953125 0.040625 0.0390625
2 0.7234375 0.19140625 0.0484375 0.084375
2 0.63671875 0.21015625 0.053125 0.071875
1 0.796875 0.21875 0.115625 0.25
2 0.61171875 0.240625 0.0578125 0.0796875
3 0.62890625 0.275 0.0265625 0.0984375
3 0.34609375 0.290625 0.0265625 0.10625
3 0.7484375 0.0296875 0.01875 0.059375
2 0.678125 0.29453125 0.0703125 0.103125
2 0.578125 0.30546875 0.071875 0.1015625
3 0.3953125 0.33203125 0.021875 0.1109375
2 0.64765625 0.36875 0.0703125 0.1109375
2 0.74609375 0.39921875 0.0765625 0.13125
3 0.14453125 0.41328125 0.025 0.1109375
3 0.53828125 0.43125 0.0234375 0.1203125
3 0.55859375 0.48046875 0.0359375 0.1375
3 0.6140625 0.5625 0.034375 0.1328125
3 0.5515625 0.08203125 0.0140625 0.0765625
2 0.9171875 0.80546875 0.0875 0.1703125
2 0.88125 0.946875 0.125 0.103125
2 0.75859375 0.1109375 0.0390625 0.0328125
3 0.70703125 0.125 0.025 0.084375
2 0.74140625 0.13671875 0.0453125 0.0515625