3 0.9546875 0.02890625 0.009375 0.0484375
3 0.94453125 0.02890625 0.0125 0.053125
3 0.92890625 0.02890625 0.0125 0.053125
3 0.93359375 0.35234375 0.021875 0.096875
3 0.759375 0.05078125 0.0203125 0.0703125
3 0.46171875 0.353125 0.0171875 0.115625
3 0.14921875 0.31640625 0.0203125 0.1109375
3 0.02421875 0.3484375 0.021875 0.1171875
3 0.31484375 0.415625 0.0703125 0.1140625
3 0.58046875 0.353125 0.0296875 0.1140625
3 0.45546875 0.63203125 0.025 0.153125
2 0.88125 0.94921875 0.125 0.0984375
2 0.91796875 0.80859375 0.0890625 0.1703125