2 0.24140625 0.015625 0.040625 0.03125
2 0.16484375 0.01953125 0.0359375 0.034375
2 0.33984375 0.19453125 0.0453125 0.071875
3 0.36875 0.234375 0.0171875 0.0890625
3 0.678125 0.30546875 0.0171875 0.1109375
3 0.171875 0.390625 0.0140625 0.10625
2 0.48203125 0.4078125 0.075 0.103125
3 0.39921875 0.4203125 0.0234375 0.1234375
2 0.22578125 0.4421875 0.0921875 0.1140625
2 0.2859375 0.05625 0.0515625 0.065625
3 0.21015625 0.05859375 0.0171875 0.071875
3 0.0453125 0.7046875 0.025 0.1015625
2 0.0828125 0.80859375 0.0875 0.1703125
2 0.11875 0.9484375 0.125 0.1015625
3 0.14296875 0.10234375 0.0171875 0.0703125
2 0.303125 0.1046875 0.0515625 0.0765625