0 0.57421875 0.18515625 0.021875 0.096875
2 0.640625 0.1921875 0.0578125 0.0828125
3 0.703125 0.19453125 0.021875 0.084375
3 0.634375 0.27265625 0.0265625 0.0703125
1 0.771875 0.28359375 0.1234375 0.2640625
2 0.56640625 0.29921875 0.0765625 0.1140625
3 0.70078125 0.3078125 0.025 0.096875
3 0.80625 0.03359375 0.021875 0.0671875
3 0.39296875 0.334375 0.021875 0.1140625
2 0.6421875 0.35546875 0.0765625 0.115625
3 0.39765625 0.39453125 0.0296875 0.1234375
3 0.521875 0.40625 0.028125 0.11875
2 0.8140625 0.453125 0.11875 0.115625
2 0.96171875 0.49296875 0.0703125 0.1078125
2 0.5734375 0.5421875 0.0828125 0.128125
2 0.48828125 0.72265625 0.1109375 0.1765625
2 0.91796875 0.80625 0.0890625 0.1734375
2 0.88125 0.9484375 0.128125 0.1015625
2 0.1890625 0.9640625 0.1203125 0.0703125
3 0.96015625 0.1078125 0.0140625 0.065625
0 0.61171875 0.12265625 0.0203125 0.0796875