3 0.3890625 0.38203125 0.034375 0.11875
2 0.22734375 0.3265625 0.071875 0.115625
2 0.19453125 0.1984375 0.053125 0.09375
2 0.32578125 0.328125 0.0671875 0.10625
2 0.31015625 0.275 0.053125 0.0890625
2 0.28828125 0.2484375 0.0515625 0.0875
2 0.42578125 0.3015625 0.0703125 0.10625
2 0.39296875 0.23828125 0.0609375 0.096875
3 0.38203125 0.30546875 0.0234375 0.0796875
3 0.44140625 0.240625 0.021875 0.084375
3 0.65390625 0.34609375 0.021875 0.103125
2 0.084375 0.7984375 0.096875 0.153125
2 0.1203125 0.946875 0.128125 0.103125