2 0.7296875 0.19140625 0.0578125 0.0828125
3 0.66015625 0.19375 0.0203125 0.0890625
2 0.6078125 0.25703125 0.065625 0.0921875
2 0.80625 0.0265625 0.04375 0.0515625
3 0.94609375 0.2765625 0.021875 0.0921875
3 0.77734375 0.29453125 0.025 0.10625
3 0.3484375 0.3265625 0.0234375 0.1140625
2 0.54453125 0.365625 0.071875 0.1140625
3 0.85234375 0.3796875 0.0203125 0.075
3 0.58671875 0.4328125 0.0265625 0.115625
2 0.821875 0.4546875 0.128125 0.1171875
2 0.4796875 0.4671875 0.0828125 0.121875
2 0.55546875 0.58671875 0.0859375 0.1375
2 0.3609375 0.66328125 0.1078125 0.190625
2 0.91796875 0.81015625 0.0890625 0.1703125
2 0.196875 0.90234375 0.146875 0.1953125
2 0.3078125 0.93359375 0.1734375 0.128125
2 0.88125 0.94921875 0.128125 0.0984375
1 0.50390625 0.9546875 0.1953125 0.0890625