2 0.75234375 0.15234375 0.0515625 0.071875
2 0.703125 0.23203125 0.0609375 0.0921875
3 0.7859375 0.025 0.0171875 0.0453125
0 0.51796875 0.27890625 0.021875 0.10625
3 0.80625 0.06484375 0.0171875 0.0703125
3 0.52421875 0.65625 0.03125 0.165625
2 0.3609375 0.71171875 0.1140625 0.1640625
2 0.9171875 0.80625 0.0875 0.1734375
3 0.94921875 0.0921875 0.0140625 0.0625
2 0.88203125 0.9484375 0.125 0.1015625
3 0.80859375 0.953125 0.03125 0.0921875
3 0.9203125 0.1359375 0.009375 0.05625
3 0.9328125 0.1359375 0.0125 0.05625