3 0.625 0.17890625 0.0140625 0.0828125
3 0.28984375 0.209375 0.021875 0.090625
2 0.18984375 0.021875 0.04375 0.0390625
3 0.259375 0.0265625 0.025 0.053125
3 0.6515625 0.31484375 0.0171875 0.1109375
3 0.93515625 0.3796875 0.0765625 0.1203125
3 0.17578125 0.40390625 0.0171875 0.1234375
2 0.61796875 0.66484375 0.1015625 0.1515625
3 0.5484375 0.7453125 0.0390625 0.16875
2 0.08203125 0.80859375 0.0890625 0.1703125
2 0.1203125 0.9484375 0.128125 0.1015625
3 0.20078125 0.1078125 0.0203125 0.0765625
3 0.53359375 0.109375 0.0171875 0.075
3 0.55078125 0.109375 0.0171875 0.075