2 0.75859375 0.015625 0.040625 0.03125
2 0.83515625 0.01953125 0.0359375 0.034375
2 0.66015625 0.19453125 0.0453125 0.071875
3 0.63125 0.234375 0.0171875 0.0890625
3 0.321875 0.30546875 0.0171875 0.1109375
3 0.828125 0.390625 0.0140625 0.10625
2 0.51796875 0.4078125 0.075 0.103125
3 0.60078125 0.4203125 0.0234375 0.1234375
2 0.77421875 0.4421875 0.0921875 0.1140625
2 0.7140625 0.05625 0.0515625 0.065625
3 0.78984375 0.05859375 0.0171875 0.071875
3 0.9546875 0.7046875 0.025 0.1015625
2 0.9171875 0.80859375 0.0875 0.1703125
2 0.88125 0.9484375 0.125 0.1015625
3 0.85703125 0.10234375 0.0171875 0.0703125
2 0.696875 0.1046875 0.0515625 0.0765625