3 0.79453125 0.021875 0.0140625 0.04375
2 0.6203125 0.24765625 0.0703125 0.0890625
3 0.53359375 0.3765625 0.03125 0.1171875
2 0.63671875 0.41328125 0.0703125 0.125
0 0.30625 0.43515625 0.075 0.1171875
0 0.31953125 0.446875 0.0671875 0.1234375
3 0.4859375 0.53828125 0.0359375 0.1375
2 0.52890625 0.6265625 0.096875 0.159375
2 0.3640625 0.69140625 0.10625 0.1609375
2 0.71171875 0.071875 0.053125 0.075
1 0.84609375 0.0796875 0.0796875 0.159375
2 0.915625 0.803125 0.09375 0.159375
3 0.421875 0.8578125 0.0453125 0.178125
3 0.77265625 0.08671875 0.025 0.05625
3 0.43359375 0.09140625 0.0171875 0.0515625
2 0.21015625 0.9359375 0.1421875 0.125
2 0.88203125 0.94921875 0.11875 0.0984375