2 0.29453125 0.240625 0.0609375 0.0890625
2 0.23046875 0.02734375 0.0453125 0.0546875
3 0.44140625 0.296875 0.0265625 0.10625
2 0.34140625 0.33203125 0.0640625 0.1015625
3 0.82421875 0.35234375 0.0296875 0.1203125
3 0.69609375 0.41015625 0.021875 0.103125
2 0.390625 0.4484375 0.0796875 0.11875
2 0.21484375 0.06015625 0.04375 0.065625
3 0.60703125 0.7328125 0.0359375 0.1640625
2 0.08203125 0.80859375 0.0890625 0.1703125
2 0.11875 0.94921875 0.128125 0.0984375
2 0.0671875 0.10546875 0.10625 0.075
1 0.16328125 0.109375 0.084375 0.1921875