1 0.18046875 0.12109375 0.0953125 0.2078125
3 0.26953125 0.1296875 0.0171875 0.0734375
2 0.33203125 0.31875 0.0671875 0.103125
2 0.37890625 0.40390625 0.0765625 0.1171875
2 0.46875 0.65625 0.1015625 0.159375
3 0.60078125 0.9125 0.04375 0.1734375
3 0.25234375 0.89921875 0.0359375 0.1734375
2 0.084375 0.80546875 0.096875 0.16875
2 0.11875 0.946875 0.125 0.10625
2 0.0578125 0.49375 0.1109375 0.11875
3 0.5421875 0.0875 0.0140625 0.0609375
3 0.5640625 0.09609375 0.0140625 0.0625
3 0.96015625 0.40390625 0.0796875 0.1328125