2 0.7171875 0.19921875 0.0609375 0.0890625
2 0.71015625 0.25234375 0.0609375 0.0890625
2 0.61640625 0.25859375 0.0859375 0.11875
3 0.76328125 0.0328125 0.0203125 0.0625
2 0.56953125 0.321875 0.0765625 0.1078125
3 0.3890625 0.3265625 0.021875 0.115625
2 0.6703125 0.33046875 0.071875 0.10625
2 0.759375 0.33984375 0.0703125 0.11875
3 0.65390625 0.3734375 0.0328125 0.1203125
3 0.5203125 0.44375 0.034375 0.121875
3 0.85546875 0.05859375 0.021875 0.071875
2 0.9171875 0.80625 0.096875 0.16875
3 0.33203125 0.88828125 0.04375 0.184375
2 0.87734375 0.9484375 0.1328125 0.1015625