2 0.4796875 0.49375 0.096875 0.146875
2 0.634375 0.38359375 0.0703125 0.125
2 0.7484375 0.365625 0.075 0.1109375
2 0.5796875 0.31015625 0.0703125 0.0921875
2 0.68984375 0.2703125 0.0703125 0.1015625
2 0.80546875 0.24765625 0.0671875 0.096875
3 0.82578125 0.12109375 0.025 0.0796875
2 0.72578125 0.225 0.0609375 0.0828125
3 0.7859375 0.1859375 0.0265625 0.0703125
2 0.6078125 0.25703125 0.071875 0.10625
3 0.546875 0.178125 0.0203125 0.096875
3 0.51796875 0.1265625 0.021875 0.071875
3 0.43984375 0.0875 0.0140625 0.0453125
2 0.80546875 0.04453125 0.053125 0.0703125
2 0.6765625 0.13671875 0.040625 0.065625
2 0.91484375 0.79921875 0.096875 0.165625
2 0.87890625 0.9484375 0.1328125 0.1015625
3 0.38671875 0.19375 0.0171875 0.0796875