2 0.709375 0.2328125 0.059375 0.090625
2 0.80078125 0.02734375 0.053125 0.053125
2 0.6578125 0.3421875 0.0703125 0.1109375
3 0.35234375 0.35703125 0.0296875 0.115625
3 0.0578125 0.3765625 0.0796875 0.1171875
3 0.03984375 0.41015625 0.0796875 0.1109375
2 0.50234375 0.46171875 0.0796875 0.128125
3 0.0609375 0.6734375 0.034375 0.1375
2 0.334375 0.7703125 0.1203125 0.1859375
2 0.91484375 0.7984375 0.0921875 0.1640625
3 0.6734375 0.9265625 0.040625 0.1453125
2 0.87890625 0.946875 0.134375 0.10625
2 0.6828125 0.1109375 0.0515625 0.075
2 0.76796875 0.11171875 0.0515625 0.0765625