2 0.08671875 0.79296875 0.0890625 0.1546875
2 0.11796875 0.9484375 0.1234375 0.1015625
0 0.81484375 0.78515625 0.0359375 0.1703125
3 0.4171875 0.46171875 0.034375 0.1390625
3 0.18125 0.5796875 0.0203125 0.11875
3 0.68046875 0.3390625 0.021875 0.10625
3 0.61796875 0.32421875 0.0234375 0.10625
2 0.44609375 0.36328125 0.071875 0.1109375
1 0.21640625 0.23671875 0.115625 0.2484375
3 0.3296875 0.2609375 0.021875 0.103125
3 0.2875 0.1046875 0.0203125 0.0875
3 0.22734375 0.05859375 0.021875 0.0828125
3 0.19140625 0.09375 0.0203125 0.0453125
3 0.1515625 0.0890625 0.0171875 0.0625
2 0.2484375 0.134375 0.0453125 0.0796875
3 0.5609375 0.0875 0.0125 0.0453125
3 0.61171875 0.18984375 0.0125 0.075