2 0.13984375 0.0140625 0.0421875 0.028125
3 0.6234375 0.18125 0.0140625 0.0828125
3 0.603125 0.18359375 0.0203125 0.084375
2 0.2515625 0.021875 0.0359375 0.0328125
2 0.4046875 0.275 0.0671875 0.09375
2 0.34140625 0.3453125 0.0671875 0.1140625
3 0.93515625 0.38125 0.075 0.1234375
3 0.5265625 0.4265625 0.0234375 0.1234375
3 0.37734375 0.525 0.0328125 0.1328125
2 0.08203125 0.80859375 0.0890625 0.1703125
2 0.7125 0.9234375 0.121875 0.1515625
2 0.11875 0.9484375 0.125 0.1015625
2 0.2359375 0.1140625 0.0484375 0.071875
2 0.3171875 0.115625 0.0484375 0.071875