2 0.6625 0.74609375 0.121875 0.1859375
3 0.5203125 0.7078125 0.034375 0.153125
3 0.44140625 0.56484375 0.0359375 0.121875
3 0.134375 0.6890625 0.0296875 0.1453125
3 0.53515625 0.35546875 0.0359375 0.1140625
3 0.58046875 0.35703125 0.021875 0.115625
3 0.59140625 0.30078125 0.0203125 0.10625
3 0.9359375 0.3734375 0.0703125 0.128125
2 0.2953125 0.08671875 0.0453125 0.0765625
2 0.084375 0.80546875 0.096875 0.1640625
2 0.1203125 0.95078125 0.128125 0.096875
3 0.5625 0.0890625 0.0140625 0.0484375
3 0.6140625 0.196875 0.021875 0.0828125