2 0.1984375 0.0609375 0.0484375 0.075
3 0.2359375 0.2390625 0.021875 0.0953125
3 0.1234375 0.2125 0.0203125 0.0828125
3 0.05546875 0.35078125 0.025 0.1078125
2 0.0828125 0.80859375 0.0875 0.1734375
2 0.11875 0.94921875 0.128125 0.0984375
2 0.74375 0.88671875 0.1296875 0.1953125
2 0.57109375 0.578125 0.096875 0.1375
3 0.3078125 0.3171875 0.0234375 0.1078125
2 0.453125 0.36875 0.071875 0.1078125
3 0.9578125 0.32421875 0.0140625 0.1140625
3 0.97734375 0.328125 0.025 0.1078125
3 0.009375 0.0953125 0.0140625 0.0625
3 0.04296875 0.0953125 0.0140625 0.065625