2 0.24609375 0.02890625 0.040625 0.053125
3 0.03984375 0.31015625 0.021875 0.1015625
3 0.58671875 0.334375 0.0203125 0.1078125
2 0.43984375 0.34609375 0.0671875 0.1109375
0 0.6625 0.390625 0.065625 0.11875
3 0.0890625 0.55625 0.021875 0.1234375
3 0.5890625 0.62734375 0.034375 0.146875
2 0.28828125 0.0640625 0.0453125 0.065625
2 0.08203125 0.80546875 0.0890625 0.1703125
2 0.225 0.0890625 0.0484375 0.0703125
1 0.15625 0.09140625 0.0921875 0.178125
3 0.58515625 0.9171875 0.0453125 0.1640625
2 0.80390625 0.94140625 0.1296875 0.115625
2 0.11875 0.946875 0.128125 0.103125