2 0.58671875 0.72265625 0.1421875 0.2125
3 0.61328125 0.33984375 0.025 0.11875
3 0.375 0.475 0.0296875 0.125
3 0.3296875 0.3765625 0.025 0.103125
3 0.3421875 0.3890625 0.025 0.125
2 0.428125 0.3015625 0.084375 0.125
3 0.25625 0.1703125 0.025 0.096875
3 0.16796875 0.1625 0.021875 0.0921875
3 0.3328125 0.2171875 0.0234375 0.0625
2 0.27265625 0.040625 0.0484375 0.0625
2 0.16796875 0.05078125 0.0453125 0.065625
2 0.1921875 0.0203125 0.04375 0.0390625
2 0.084375 0.796875 0.096875 0.1515625
2 0.11875 0.9484375 0.125 0.1015625
3 0.2234375 0.5640625 0.0203125 0.1375