2 0.61875 0.93515625 0.1203125 0.128125
2 0.53125 0.5421875 0.096875 0.146875
3 0.63125 0.50703125 0.028125 0.128125
2 0.08515625 0.80078125 0.09375 0.1609375
2 0.11875 0.9484375 0.125 0.1015625
0 0.66953125 0.446875 0.0703125 0.1234375
0 0.6984375 0.43515625 0.0703125 0.115625
3 0.9015625 0.3765625 0.0796875 0.1234375
2 0.32578125 0.31015625 0.0640625 0.115625
2 0.13203125 0.20703125 0.0515625 0.0828125
2 0.265625 0.1546875 0.0515625 0.0796875
2 0.2484375 0.11875 0.0515625 0.071875
3 0.5640625 0.08984375 0.0125 0.0484375