2 0.68046875 0.14453125 0.0546875 0.0890625
3 0.490625 0.15859375 0.0171875 0.0875
2 0.81015625 0.2078125 0.05625 0.0890625
3 0.34765625 0.31015625 0.0203125 0.1078125
2 0.56484375 0.3390625 0.0796875 0.1390625
1 0.75625 0.3484375 0.1234375 0.253125
2 0.7953125 0.04296875 0.040625 0.065625
3 0.43046875 0.65234375 0.0390625 0.1515625
1 0.8453125 0.07109375 0.0796875 0.1421875
2 0.478125 0.7796875 0.096875 0.16875
2 0.91796875 0.81015625 0.0890625 0.1734375
4 0.32578125 0.85703125 0.2140625 0.2828125
2 0.88125 0.94921875 0.128125 0.0984375