2 0.2953125 0.8375 0.1296875 0.1734375
3 0.5 0.64453125 0.0390625 0.159375
3 0.85703125 0.73828125 0.034375 0.146875
2 0.9171875 0.7984375 0.0890625 0.1640625
2 0.88203125 0.9515625 0.128125 0.096875
2 0.86875 0.4734375 0.11875 0.1234375
2 0.7453125 0.40390625 0.0765625 0.1328125
2 0.70703125 0.23046875 0.0625 0.096875
2 0.71484375 0.15234375 0.0609375 0.0703125
2 0.84375 0.1046875 0.0515625 0.071875
3 0.38203125 0.33203125 0.021875 0.0921875
3 0.23203125 0.43359375 0.0296875 0.0796875
3 0.209375 0.45703125 0.025 0.1078125
3 0.43359375 0.08984375 0.0125 0.0453125
2 0.8171875 0.0828125 0.071875 0.071875