3 0.9421875 0.22734375 0.0171875 0.0828125
2 0.74765625 0.12890625 0.053125 0.09375
2 0.56953125 0.31953125 0.0765625 0.1171875
2 0.61328125 0.45703125 0.0765625 0.1296875
3 0.08671875 0.69375 0.0359375 0.1515625
3 0.08046875 0.4484375 0.025 0.053125
2 0.88125 0.9484375 0.128125 0.1015625
2 0.91796875 0.80625 0.0890625 0.1734375
3 0.921875 0.3859375 0.0171875 0.1109375
3 0.93984375 0.40390625 0.040625 0.084375
3 0.4046875 0.19375 0.0171875 0.0796875
3 0.396875 0.33515625 0.0203125 0.1109375
3 0.4125 0.321875 0.0171875 0.0890625