3 0.48671875 0.15625 0.0171875 0.084375
2 0.75 0.1578125 0.0515625 0.0828125
3 0.81953125 0.1703125 0.0203125 0.1015625
2 0.8125 0.01953125 0.040625 0.0390625
3 0.84765625 0.18984375 0.0203125 0.1015625
3 0.38671875 0.1921875 0.0203125 0.0765625
3 0.6453125 0.26953125 0.0265625 0.1140625
2 0.58515625 0.2921875 0.0828125 0.1140625
3 0.4703125 0.3140625 0.0390625 0.10625
3 0.74765625 0.353125 0.0265625 0.0859375
2 0.6390625 0.40625 0.0828125 0.115625
2 0.7859375 0.4359375 0.1078125 0.115625
2 0.48203125 0.47109375 0.084375 0.1375
3 0.5171875 0.5296875 0.03125 0.1390625
3 0.88671875 0.56953125 0.0265625 0.1109375
2 0.53984375 0.6390625 0.103125 0.184375
2 0.77890625 0.078125 0.0453125 0.0625
2 0.915625 0.7921875 0.0984375 0.1453125
3 0.4375 0.08984375 0.0140625 0.0453125
2 0.88125 0.94609375 0.1203125 0.10625
3 0.6984375 0.10546875 0.021875 0.0796875