2 0.41328125 0.72265625 0.1421875 0.2125
3 0.38671875 0.33984375 0.025 0.11875
3 0.625 0.475 0.0296875 0.125
3 0.6703125 0.3765625 0.025 0.103125
3 0.6578125 0.3890625 0.025 0.125
2 0.571875 0.3015625 0.084375 0.125
3 0.74375 0.1703125 0.025 0.096875
3 0.83203125 0.1625 0.021875 0.0921875
3 0.6671875 0.2171875 0.0234375 0.0625
2 0.72734375 0.040625 0.0484375 0.0625
2 0.83203125 0.05078125 0.0453125 0.065625
2 0.8078125 0.0203125 0.04375 0.0390625
2 0.915625 0.796875 0.096875 0.1515625
2 0.88125 0.9484375 0.125 0.1015625
3 0.7765625 0.5640625 0.0203125 0.1375