2 0.334375 0.759375 0.1140625 0.184375
2 0.459375 0.609375 0.103125 0.1609375
4 0.6140625 0.39296875 0.115625 0.2984375
1 0.771875 0.28125 0.128125 0.2671875
2 0.696875 0.2390625 0.05625 0.1140625
2 0.9171875 0.80625 0.096875 0.165625
2 0.87734375 0.946875 0.125 0.10625
3 0.48671875 0.26328125 0.025 0.1078125
3 0.9125 0.65 0.025 0.1328125
2 0.84375 0.115625 0.0515625 0.090625
2 0.7609375 0.1265625 0.0515625 0.0703125
2 0.7296875 0.0453125 0.0625 0.0828125
2 0.80859375 0.03828125 0.040625 0.0625
3 0.4359375 0.0875 0.0125 0.0453125
3 0.9546875 0.0453125 0.0140625 0.0703125