2 0.8578125 0.3484375 0.134375 0.0984375
2 0.80546875 0.09140625 0.0453125 0.0703125
3 0.78359375 0.18046875 0.021875 0.0921875
3 0.74140625 0.3421875 0.0265625 0.1109375
2 0.66953125 0.328125 0.0703125 0.103125
2 0.57421875 0.31875 0.0703125 0.0984375
2 0.60078125 0.26328125 0.0578125 0.0875
2 0.61875 0.43984375 0.071875 0.115625
2 0.5015625 0.4625 0.0765625 0.125
3 0.19140625 0.44921875 0.0296875 0.115625
3 0.2125 0.37109375 0.0203125 0.11875
3 0.17890625 0.36328125 0.0203125 0.11875
3 0.4859375 0.81015625 0.0390625 0.184375
2 0.88125 0.9484375 0.125 0.1015625
2 0.91796875 0.80625 0.0890625 0.16875
3 0.3171875 0.9515625 0.0484375 0.0921875