3 0.384375 0.2046875 0.0203125 0.1015625
2 0.740625 0.021875 0.0515625 0.04375
2 0.69453125 0.259375 0.0671875 0.0953125
3 0.3921875 0.36171875 0.021875 0.115625
3 0.0578125 0.37734375 0.0765625 0.115625
3 0.040625 0.4109375 0.075 0.115625
2 0.62109375 0.4484375 0.0828125 0.1234375
2 0.44609375 0.54921875 0.090625 0.146875
2 0.50234375 0.7078125 0.10625 0.1609375
2 0.91328125 0.7921875 0.09375 0.153125
3 0.728125 0.81484375 0.040625 0.1640625
2 0.40859375 0.90859375 0.1203125 0.18125
2 0.8765625 0.94140625 0.1375 0.1078125