2 0.38203125 0.228125 0.053125 0.0703125
3 0.17421875 0.02421875 0.0140625 0.0453125
2 0.3953125 0.2671875 0.0578125 0.0890625
2 0.30546875 0.271875 0.0609375 0.09375
2 0.41953125 0.30859375 0.0640625 0.1015625
2 0.32421875 0.31875 0.0625 0.09375
2 0.084375 0.35234375 0.103125 0.096875
2 0.22578125 0.35546875 0.071875 0.10625
3 0.3453125 0.375 0.0234375 0.11875
3 0.95546875 0.3953125 0.0296875 0.1109375
3 0.90390625 0.4171875 0.025 0.115625
3 0.4203125 0.4171875 0.0296875 0.115625
3 0.88125 0.42421875 0.025 0.10625
3 0.37890625 0.4828125 0.0296875 0.1328125
2 0.0828125 0.80625 0.0875 0.16875
3 0.165625 0.8796875 0.0265625 0.125
3 0.178125 0.0921875 0.0171875 0.0796875
2 0.11875 0.9484375 0.125 0.1015625
3 0.2671875 0.9546875 0.040625 0.0890625