2 0.2640625 0.16484375 0.05625 0.0890625
2 0.1296875 0.19375 0.0484375 0.0890625
2 0.25390625 0.021875 0.04375 0.04375
2 0.203125 0.02890625 0.040625 0.0453125
2 0.34140625 0.3453125 0.0703125 0.1078125
3 0.9015625 0.37265625 0.071875 0.125
3 0.17890625 0.4078125 0.0265625 0.1234375
0 0.696875 0.4390625 0.0703125 0.1140625
0 0.68359375 0.446875 0.0671875 0.125
3 0.646875 0.50703125 0.021875 0.1328125
3 0.5984375 0.57421875 0.0390625 0.1421875
2 0.084375 0.80546875 0.0921875 0.1609375
2 0.6984375 0.82421875 0.1234375 0.1859375
1 0.4703125 0.83671875 0.240625 0.325
3 0.56484375 0.08671875 0.0125 0.04375
2 0.11875 0.9484375 0.128125 0.1015625
2 0.275 0.1 0.05625 0.06875