3 0.375 0.18359375 0.0125 0.0828125
2 0.771875 0.334375 0.0671875 0.0953125
3 0.953125 0.03828125 0.0125 0.065625
3 0.11171875 0.38125 0.065625 0.115625
3 0.0640625 0.38125 0.071875 0.125
3 0.06640625 0.3953125 0.0703125 0.1109375
3 0.9421875 0.04453125 0.009375 0.0515625
3 0.93046875 0.0453125 0.009375 0.0515625
3 0.4890625 0.6609375 0.0359375 0.15625
1 0.83984375 0.08046875 0.084375 0.1609375
2 0.91796875 0.8078125 0.0890625 0.16875
2 0.88125 0.9484375 0.125 0.1015625
3 0.89296875 0.12109375 0.0140625 0.0703125