3 0.06640625 0.37734375 0.0203125 0.10625
3 0.084375 0.390625 0.009375 0.0703125
3 0.1765625 0.4046875 0.0171875 0.0984375
2 0.22265625 0.2828125 0.05625 0.0984375
2 0.29296875 0.225 0.05625 0.084375
2 0.32578125 0.31484375 0.0703125 0.10625
2 0.41953125 0.31875 0.0671875 0.0984375
3 0.53828125 0.31875 0.0234375 0.1109375
3 0.6453125 0.2046875 0.0171875 0.0875
3 0.6984375 0.396875 0.0703125 0.1140625
3 0.78125 0.40625 0.0765625 0.115625
2 0.08203125 0.81015625 0.0890625 0.1703125
2 0.11875 0.9484375 0.128125 0.1015625
2 0.7296875 0.8859375 0.1203125 0.184375
2 0.65234375 0.75 0.115625 0.1609375
0 0.72734375 0.671875 0.03125 0.1640625