3 0.2046875 0.0359375 0.0171875 0.0703125
0 0.3296875 0.053125 0.0171875 0.0703125
2 0.21015625 0.290625 0.0609375 0.1015625
2 0.2328125 0.35078125 0.0703125 0.1078125
2 0.33046875 0.3328125 0.0703125 0.1015625
2 0.42578125 0.296875 0.0703125 0.125
3 0.5296875 0.44921875 0.028125 0.125
3 0.365625 0.47109375 0.0265625 0.128125
3 0.3859375 0.428125 0.0265625 0.11875
2 0.77890625 0.91796875 0.1328125 0.159375
2 0.08203125 0.80859375 0.0890625 0.1703125
2 0.11875 0.94921875 0.128125 0.0984375
3 0.31953125 0.1671875 0.021875 0.096875
3 0.56953125 0.24296875 0.021875 0.0984375