3 0.26171875 0.09609375 0.0203125 0.0828125
3 0.290625 0.20703125 0.021875 0.0875
3 0.3484375 0.37109375 0.0203125 0.11875
3 0.4515625 0.40234375 0.0265625 0.1140625
2 0.41484375 0.51953125 0.084375 0.1390625
2 0.6046875 0.85078125 0.121875 0.2046875
2 0.11875 0.94921875 0.125 0.0984375
2 0.08203125 0.80859375 0.0890625 0.1734375
3 0.765625 0.34609375 0.0203125 0.1203125
3 0.88828125 0.37890625 0.0671875 0.1140625
3 0.9328125 0.39453125 0.071875 0.1109375
3 0.9359375 0.38125 0.071875 0.11875
3 0.6234375 0.1828125 0.0140625 0.0828125
3 0.0375 0.08515625 0.0125 0.05625
3 0.0484375 0.08515625 0.0125 0.05625