0 0.24140625 0.72265625 0.0390625 0.1609375
3 0.0796875 0.31953125 0.028125 0.1140625
3 0.4421875 0.6734375 0.040625 0.153125
3 0.5640625 0.6421875 0.040625 0.146875
3 0.5109375 0.6 0.0390625 0.1390625
3 0.525 0.51171875 0.0265625 0.115625
3 0.44453125 0.50390625 0.034375 0.1390625
3 0.46484375 0.28828125 0.0296875 0.1078125
2 0.915625 0.80859375 0.09375 0.1703125
2 0.88125 0.95078125 0.1296875 0.096875
3 0.8453125 0.4625 0.0609375 0.11875
2 0.75703125 0.353125 0.0703125 0.1078125
2 0.665625 0.3296875 0.0625 0.10625
2 0.55859375 0.3328125 0.075 0.103125
3 0.2796875 0.62734375 0.0328125 0.1421875
2 0.59140625 0.2703125 0.0671875 0.096875
3 0.71171875 0.296875 0.0234375 0.1015625
2 0.6828125 0.2546875 0.0515625 0.065625
1 0.75703125 0.1453125 0.1140625 0.2171875
0 0.69609375 0.046875 0.0140625 0.071875
2 0.83046875 0.1515625 0.04375 0.075
2 0.8453125 0.09765625 0.04375 0.065625
2 0.8578125 0.07421875 0.040625 0.0703125
2 0.85 0.0453125 0.0390625 0.0453125
2 0.61640625 0.2234375 0.059375 0.10625
3 0.4359375 0.084375 0.0140625 0.0515625