2 0.80078125 0.21484375 0.053125 0.0875
2 0.7203125 0.178125 0.05625 0.075
3 0.6828125 0.31875 0.0234375 0.1109375
3 0.80078125 0.30546875 0.025 0.096875
2 0.56953125 0.31875 0.071875 0.115625
2 0.61796875 0.2171875 0.0671875 0.0890625
2 0.43984375 0.5515625 0.096875 0.1421875
3 0.828125 0.3921875 0.0171875 0.10625
3 0.89921875 0.453125 0.065625 0.11875
3 0.95546875 0.703125 0.0265625 0.103125
2 0.9171875 0.80859375 0.0875 0.1734375
2 0.88125 0.9484375 0.125 0.1015625
3 0.078125 0.375 0.071875 0.1203125
3 0.321875 0.30546875 0.0171875 0.1140625