4 0.4640625 0.63203125 0.1734375 0.3890625
2 0.11796875 0.94921875 0.1296875 0.0984375
2 0.084375 0.7953125 0.096875 0.1515625
2 0.23671875 0.334375 0.0703125 0.125
2 0.2984375 0.2671875 0.0703125 0.103125
2 0.32109375 0.1109375 0.084375 0.1703125
3 0.2015625 0.1578125 0.0265625 0.084375
3 0.2453125 0.1140625 0.0265625 0.0828125
2 0.19140625 0.04921875 0.0453125 0.071875
3 0.546875 0.1359375 0.0203125 0.0921875
3 0.93984375 0.4171875 0.0796875 0.1203125
3 0.07109375 0.1578125 0.0171875 0.0796875