3 0.72265625 0.2359375 0.025 0.096875
2 0.73828125 0.02421875 0.040625 0.0484375
3 0.40859375 0.33046875 0.0203125 0.115625
2 0.55078125 0.37109375 0.071875 0.1109375
0 0.3375 0.390625 0.065625 0.11875
3 0.5265625 0.47109375 0.0390625 0.121875
3 0.48828125 0.52890625 0.0359375 0.11875
3 0.9171875 0.55625 0.021875 0.1234375
3 0.4515625 0.62890625 0.0359375 0.15
2 0.515625 0.63671875 0.10625 0.2046875
2 0.36640625 0.66328125 0.103125 0.153125
2 0.91796875 0.80546875 0.0890625 0.1734375
2 0.3953125 0.9265625 0.134375 0.1453125
1 0.8453125 0.09375 0.0984375 0.1875
2 0.88125 0.946875 0.128125 0.103125
3 0.67578125 0.11171875 0.0203125 0.06875