2 0.3015625 0.1 0.0484375 0.065625
3 0.31953125 0.0640625 0.0171875 0.065625
3 0.2203125 0.0671875 0.0171875 0.075
2 0.27265625 0.046875 0.0453125 0.0625
2 0.2015625 0.25 0.0578125 0.0828125
2 0.240625 0.36328125 0.0765625 0.1140625
3 0.1609375 0.39453125 0.0171875 0.1078125
2 0.4328125 0.5328125 0.0875 0.1234375
1 0.43359375 0.790625 0.2234375 0.415625
3 0.0453125 0.703125 0.025 0.0984375
2 0.0828125 0.81015625 0.0875 0.1703125
2 0.1203125 0.94921875 0.128125 0.0984375
3 0.06015625 0.26796875 0.0203125 0.0875