0 0.321875 0.04296875 0.0171875 0.071875
2 0.22578125 0.084375 0.053125 0.084375
2 0.196875 0.22578125 0.0609375 0.115625
1 0.27890625 0.428125 0.1453125 0.321875
2 0.390625 0.259375 0.0671875 0.0921875
2 0.49609375 0.4546875 0.084375 0.1234375
3 0.79921875 0.4015625 0.025 0.10625
3 0.9375 0.390625 0.071875 0.1234375
2 0.515625 0.80546875 0.1234375 0.2046875
2 0.11875 0.9484375 0.128125 0.1015625
2 0.08203125 0.81015625 0.0890625 0.1734375
3 0.0828125 0.4125 0.0140625 0.103125
3 0.06953125 0.2515625 0.0203125 0.09375