3 0.19140625 0.0515625 0.0171875 0.0703125
2 0.27265625 0.0484375 0.04375 0.065625
2 0.275 0.146875 0.0578125 0.0796875
2 0.31953125 0.2828125 0.0671875 0.1109375
2 0.37109375 0.2015625 0.0578125 0.090625
3 0.33515625 0.38359375 0.0265625 0.1109375
2 0.4828125 0.4078125 0.0828125 0.15625
3 0.0609375 0.40234375 0.0265625 0.115625
2 0.08203125 0.80859375 0.0890625 0.1703125
2 0.11875 0.9484375 0.128125 0.1015625
3 0.96171875 0.3234375 0.021875 0.1109375
3 0.97578125 0.32578125 0.021875 0.10625
3 0.0484375 0.07421875 0.009375 0.0625
3 0.03828125 0.071875 0.0125 0.071875
3 0.02890625 0.071875 0.009375 0.065625
3 0.01328125 0.07421875 0.0140625 0.071875