3 0.8140625 0.7765625 0.0359375 0.1640625
2 0.11796875 0.9484375 0.125 0.1015625
2 0.084375 0.80078125 0.09375 0.1640625
2 0.35546875 0.65625 0.09375 0.1515625
2 0.58515625 0.5953125 0.1015625 0.1390625
3 0.3703125 0.5453125 0.03125 0.1328125
2 0.42890625 0.5140625 0.084375 0.1453125
2 0.50625 0.453125 0.0828125 0.128125
3 0.34609375 0.453125 0.028125 0.115625
2 0.36328125 0.36640625 0.0703125 0.1109375
2 0.44140625 0.31875 0.075 0.1171875
3 0.615625 0.3234375 0.0171875 0.1109375
2 0.38671875 0.2390625 0.0703125 0.0953125
0 0.3953125 0.1453125 0.0203125 0.0765625
0 0.34140625 0.07109375 0.0171875 0.0828125
3 0.275 0.046875 0.0203125 0.071875
1 0.25859375 0.1890625 0.1140625 0.2359375
2 0.17890625 0.178125 0.05625 0.0796875
2 0.15625 0.1 0.04375 0.06875
2 0.14296875 0.07578125 0.0453125 0.071875
2 0.1515625 0.0484375 0.0359375 0.04375
2 0.2125 0.053125 0.0453125 0.0625
3 0.5640625 0.0875 0.0125 0.0453125