3 0.94453125 0.203125 0.0140625 0.071875
3 0.93125 0.14453125 0.0140625 0.0578125
1 0.8171875 0.14453125 0.0984375 0.2046875
3 0.80625 0.35 0.0265625 0.1078125
3 0.7984375 0.29296875 0.028125 0.096875
3 0.63359375 0.271875 0.0265625 0.1109375
3 0.54453125 0.3453125 0.03125 0.1234375
3 0.553125 0.44921875 0.028125 0.125
3 0.48046875 0.43984375 0.0296875 0.11875
3 0.41328125 0.5296875 0.03125 0.1375
3 0.27890625 0.54296875 0.0296875 0.1328125
2 0.3109375 0.75234375 0.1171875 0.2328125
3 0.4703125 0.7953125 0.04375 0.178125
2 0.56484375 0.60078125 0.1078125 0.1734375
2 0.91796875 0.80546875 0.0890625 0.16875
2 0.8796875 0.9484375 0.128125 0.1015625
3 0.39453125 0.3328125 0.021875 0.1109375
3 0.3640625 0.30078125 0.0140625 0.0921875
3 0.4578125 0.1078125 0.0171875 0.075