2 0.709375 0.78984375 0.128125 0.1828125
2 0.8078125 0.953125 0.146875 0.0921875
3 0.27734375 0.90859375 0.0453125 0.178125
2 0.12109375 0.94921875 0.1328125 0.0984375
2 0.084375 0.8015625 0.09375 0.1609375
3 0.9578125 0.6703125 0.03125 0.128125
2 0.37734375 0.42578125 0.084375 0.1140625
2 0.453125 0.3421875 0.0765625 0.1140625
3 0.59375 0.3796875 0.025 0.1078125
3 0.896875 0.38671875 0.0796875 0.1234375
2 0.08984375 0.47265625 0.15 0.1234375
3 0.06953125 0.37890625 0.025 0.0921875
2 0.28125 0.2171875 0.0578125 0.1015625
2 0.38203125 0.21640625 0.065625 0.0984375
2 0.15234375 0.10078125 0.0515625 0.075
2 0.20546875 0.0515625 0.0484375 0.0625
3 0.56875 0.0890625 0.0171875 0.0484375