2 0.47578125 0.803125 0.11875 0.18125
2 0.60078125 0.4890625 0.0890625 0.1328125
2 0.77421875 0.08515625 0.05625 0.0828125
1 0.796875 0.2015625 0.1078125 0.2390625
3 0.9390625 0.37890625 0.021875 0.1015625
3 0.9125 0.3765625 0.025 0.1078125
2 0.915625 0.79921875 0.0890625 0.15
2 0.88125 0.94921875 0.1296875 0.0984375
3 0.828125 0.0421875 0.025 0.065625
3 0.72734375 0.17578125 0.0234375 0.084375
3 0.43125 0.1 0.0171875 0.06875
0 0.2515625 0.49765625 0.0609375 0.0828125
3 0.38125 0.33984375 0.0265625 0.115625
3 0.0640625 0.39453125 0.0703125 0.1390625