2 0.290625 0.2328125 0.059375 0.090625
2 0.19921875 0.02734375 0.053125 0.053125
2 0.3421875 0.3421875 0.0703125 0.1109375
3 0.64765625 0.35703125 0.0296875 0.115625
3 0.9421875 0.3765625 0.0796875 0.1171875
3 0.96015625 0.41015625 0.0796875 0.1109375
2 0.49765625 0.46171875 0.0796875 0.128125
3 0.9390625 0.6734375 0.034375 0.1375
2 0.665625 0.7703125 0.1203125 0.1859375
2 0.08515625 0.7984375 0.0921875 0.1640625
3 0.3265625 0.9265625 0.040625 0.1453125
2 0.12109375 0.946875 0.134375 0.10625
2 0.3171875 0.1109375 0.0515625 0.075
2 0.23203125 0.11171875 0.0515625 0.0765625