3 0.60078125 0.1671875 0.021875 0.0921875
1 0.19453125 0.1921875 0.1015625 0.2265625
2 0.30390625 0.225 0.0546875 0.0875
3 0.38125 0.2359375 0.021875 0.096875
2 0.18515625 0.02734375 0.053125 0.0484375
2 0.3171875 0.29296875 0.0671875 0.096875
3 0.428125 0.3015625 0.025 0.10625
2 0.24296875 0.3609375 0.065625 0.103125
2 0.35078125 0.3640625 0.0671875 0.10625
3 0.05546875 0.4109375 0.03125 0.115625
2 0.48203125 0.42578125 0.075 0.1140625
3 0.36796875 0.428125 0.0234375 0.1015625
2 0.265625 0.4484375 0.0671875 0.115625
2 0.39921875 0.49609375 0.0828125 0.125
3 0.03125 0.509375 0.0203125 0.0796875
2 0.515625 0.5109375 0.0828125 0.1234375
2 0.60546875 0.61875 0.0765625 0.146875
3 0.06953125 0.65234375 0.025 0.1390625
2 0.64765625 0.68359375 0.103125 0.1859375
2 0.6890625 0.78515625 0.103125 0.1703125
2 0.08203125 0.80625 0.0890625 0.1765625
2 0.75859375 0.9078125 0.1375 0.1828125
2 0.11875 0.9484375 0.128125 0.1015625