2 0.290625 0.78984375 0.128125 0.1828125
2 0.1921875 0.953125 0.146875 0.0921875
3 0.72265625 0.90859375 0.0453125 0.178125
2 0.87890625 0.94921875 0.1328125 0.0984375
2 0.915625 0.8015625 0.09375 0.1609375
3 0.0421875 0.6703125 0.03125 0.128125
2 0.62265625 0.42578125 0.084375 0.1140625
2 0.546875 0.3421875 0.0765625 0.1140625
3 0.40625 0.3796875 0.025 0.1078125
3 0.103125 0.38671875 0.0796875 0.1234375
2 0.91015625 0.47265625 0.15 0.1234375
3 0.93046875 0.37890625 0.025 0.0921875
2 0.71875 0.2171875 0.0578125 0.1015625
2 0.61796875 0.21640625 0.065625 0.0984375
2 0.84765625 0.10078125 0.0515625 0.075
2 0.79453125 0.0515625 0.0484375 0.0625
3 0.43125 0.0890625 0.0171875 0.0484375