2 0.5203125 0.49375 0.096875 0.146875
2 0.365625 0.38359375 0.0703125 0.125
2 0.2515625 0.365625 0.075 0.1109375
2 0.4203125 0.31015625 0.0703125 0.0921875
2 0.31015625 0.2703125 0.0703125 0.1015625
2 0.19453125 0.24765625 0.0671875 0.096875
3 0.17421875 0.12109375 0.025 0.0796875
2 0.27421875 0.225 0.0609375 0.0828125
3 0.2140625 0.1859375 0.0265625 0.0703125
2 0.3921875 0.25703125 0.071875 0.10625
3 0.453125 0.178125 0.0203125 0.096875
3 0.48203125 0.1265625 0.021875 0.071875
3 0.56015625 0.0875 0.0140625 0.0453125
2 0.19453125 0.04453125 0.053125 0.0703125
2 0.3234375 0.13671875 0.040625 0.065625
2 0.08515625 0.79921875 0.096875 0.165625
2 0.12109375 0.9484375 0.1328125 0.1015625
3 0.61328125 0.19375 0.0171875 0.0796875