2 0.42890625 0.55546875 0.0890625 0.1546875
2 0.40625 0.27734375 0.0625 0.096875
2 0.2234375 0.19453125 0.0515625 0.0890625
3 0.21484375 0.0515625 0.0203125 0.0703125
3 0.04296875 0.23671875 0.0140625 0.0703125
3 0.06015625 0.23828125 0.0203125 0.0828125
2 0.08203125 0.790625 0.084375 0.1375
3 0.91328125 0.3734375 0.0578125 0.1140625
3 0.94140625 0.41484375 0.0765625 0.1171875
3 0.6765625 0.79296875 0.040625 0.1828125
0 0.85234375 0.81484375 0.0359375 0.1609375
2 0.11875 0.95078125 0.1296875 0.096875