4 0.30078125 0.209375 0.0890625 0.196875
0 0.45078125 0.2203125 0.025 0.096875
2 0.3859375 0.2359375 0.065625 0.0984375
3 0.69375 0.31640625 0.025 0.1109375
3 0.203125 0.3453125 0.0265625 0.0953125
3 0.04921875 0.3765625 0.021875 0.1109375
3 0.07421875 0.37734375 0.021875 0.096875
3 0.91484375 0.37890625 0.0625 0.125
3 0.94453125 0.41328125 0.0796875 0.11875
3 0.6828125 0.41953125 0.075 0.115625
2 0.4 0.46640625 0.0859375 0.125
2 0.390625 0.76171875 0.103125 0.16875
2 0.084375 0.796875 0.0984375 0.159375
2 0.1203125 0.9484375 0.1234375 0.1015625