2 0.7046875 0.8375 0.1296875 0.1734375
3 0.5 0.64453125 0.0390625 0.159375
3 0.14296875 0.73828125 0.0328125 0.146875
2 0.0828125 0.7984375 0.0890625 0.1640625
2 0.11796875 0.9515625 0.128125 0.096875
2 0.13125 0.4734375 0.11875 0.1234375
2 0.2546875 0.40390625 0.0765625 0.1328125
2 0.29296875 0.23046875 0.0625 0.096875
2 0.28515625 0.15234375 0.0609375 0.0703125
2 0.15625 0.1046875 0.0515625 0.071875
3 0.61796875 0.33203125 0.021875 0.0921875
3 0.76796875 0.43359375 0.028125 0.0796875
3 0.790625 0.45703125 0.025 0.1078125
3 0.56640625 0.08984375 0.0125 0.0453125
2 0.1828125 0.0828125 0.071875 0.071875