2 0.16328125 0.0140625 0.0359375 0.028125
3 0.678125 0.30390625 0.0171875 0.1109375
3 0.921875 0.3734375 0.071875 0.1203125
3 0.171875 0.3890625 0.0171875 0.10625
3 0.146875 0.39453125 0.0203125 0.1015625
2 0.2234375 0.446875 0.0953125 0.1171875
2 0.60546875 0.615625 0.1109375 0.159375
2 0.2140625 0.0640625 0.0453125 0.065625
3 0.30078125 0.68046875 0.0359375 0.1390625
3 0.0453125 0.703125 0.025 0.0984375
2 0.49296875 0.7328125 0.1140625 0.1546875
2 0.0828125 0.80625 0.0875 0.1703125
2 0.73828125 0.884375 0.1328125 0.2140625
3 0.58046875 0.92578125 0.0484375 0.146875
2 0.3078125 0.0953125 0.0546875 0.0828125
2 0.1203125 0.9484375 0.128125 0.1015625