1 0.16328125 0.1109375 0.0828125 0.1921875
2 0.23046875 0.09609375 0.0515625 0.0671875
3 0.30625 0.0671875 0.0203125 0.075
2 0.25703125 0.14765625 0.0515625 0.071875
2 0.28125 0.20703125 0.0578125 0.0875
3 0.36875 0.2515625 0.021875 0.0796875
3 0.47109375 0.32421875 0.025 0.0828125
2 0.50625 0.4234375 0.0703125 0.1296875
1 0.4203125 0.4515625 0.165625 0.3421875
2 0.27734375 0.58046875 0.096875 0.146875
2 0.08203125 0.81015625 0.0890625 0.1734375
2 0.11875 0.94921875 0.125 0.0984375
3 0.6296875 0.3375 0.021875 0.103125
3 0.7015625 0.31640625 0.021875 0.1109375