2 0.178125 0.01953125 0.040625 0.0390625
2 0.2765625 0.19140625 0.0484375 0.084375
2 0.36328125 0.21015625 0.053125 0.071875
1 0.203125 0.21875 0.115625 0.25
2 0.38828125 0.240625 0.0578125 0.0796875
3 0.37109375 0.275 0.0265625 0.0984375
3 0.65390625 0.290625 0.0265625 0.10625
3 0.2515625 0.0296875 0.01875 0.059375
2 0.321875 0.29453125 0.0703125 0.103125
2 0.421875 0.30546875 0.071875 0.1015625
3 0.6046875 0.33203125 0.021875 0.1109375
2 0.35234375 0.36875 0.0703125 0.1109375
2 0.25390625 0.39921875 0.0765625 0.13125
3 0.85546875 0.41328125 0.025 0.1109375
3 0.46171875 0.43125 0.025 0.1203125
3 0.44140625 0.48046875 0.0359375 0.1375
3 0.3859375 0.5625 0.034375 0.1328125
3 0.4484375 0.08203125 0.0140625 0.0765625
2 0.0828125 0.80546875 0.0875 0.1703125
2 0.11875 0.946875 0.125 0.103125
2 0.24140625 0.1109375 0.0390625 0.0328125
3 0.29296875 0.125 0.025 0.084375
2 0.25859375 0.13671875 0.0453125 0.0515625