0 0.42578125 0.18515625 0.021875 0.096875
2 0.359375 0.1921875 0.0578125 0.0828125
3 0.296875 0.19453125 0.021875 0.084375
3 0.365625 0.27265625 0.0265625 0.0703125
1 0.228125 0.28359375 0.1234375 0.2640625
2 0.43359375 0.29921875 0.0765625 0.1140625
3 0.29921875 0.3078125 0.0234375 0.096875
3 0.19375 0.03359375 0.021875 0.0671875
3 0.60703125 0.334375 0.021875 0.1140625
2 0.3578125 0.35546875 0.0765625 0.115625
3 0.60234375 0.39453125 0.028125 0.1234375
3 0.478125 0.40625 0.0296875 0.11875
2 0.1859375 0.453125 0.11875 0.115625
2 0.03828125 0.49296875 0.0703125 0.1078125
2 0.4265625 0.5421875 0.0828125 0.128125
2 0.51171875 0.72265625 0.1109375 0.1765625
2 0.08203125 0.80625 0.0890625 0.1734375
2 0.11875 0.9484375 0.128125 0.1015625
2 0.8109375 0.9640625 0.1203125 0.0703125
3 0.03984375 0.1078125 0.0140625 0.065625
0 0.38828125 0.12265625 0.0203125 0.0796875