2 0.33984375 0.15234375 0.0515625 0.075
3 0.06640625 0.16796875 0.0171875 0.0796875
2 0.27890625 0.2046875 0.0640625 0.10625
1 0.12109375 0.02421875 0.0671875 0.0484375
2 0.2609375 0.025 0.0484375 0.0453125
3 0.06015625 0.3296875 0.0171875 0.0984375
3 0.6046875 0.3328125 0.021875 0.1109375
3 0.27890625 0.3921875 0.0296875 0.115625
3 0.7140625 0.41328125 0.0234375 0.10625
3 0.90234375 0.43515625 0.0265625 0.0828125
0 0.63203125 0.50390625 0.03125 0.134375
0 0.67890625 0.5609375 0.0359375 0.15
3 0.45703125 0.6890625 0.0390625 0.165625
2 0.08203125 0.80546875 0.0890625 0.1703125
2 0.11875 0.946875 0.128125 0.103125
2 0.2984375 0.1046875 0.053125 0.075