3 0.2984375 0.1859375 0.021875 0.096875
3 0.203125 0.24296875 0.0265625 0.0984375
3 0.140625 0.02890625 0.021875 0.05625
3 0.06015625 0.3015625 0.0203125 0.0921875
3 0.95546875 0.32578125 0.0140625 0.1109375
3 0.4234375 0.328125 0.0296875 0.11875
3 0.9734375 0.328125 0.021875 0.1078125
3 0.80390625 0.33203125 0.021875 0.1140625
2 0.196875 0.03359375 0.04375 0.0625
2 0.27265625 0.0421875 0.0453125 0.0828125
3 0.07578125 0.0453125 0.0125 0.04375
3 0.05859375 0.046875 0.0140625 0.04375
3 0.4359375 0.49609375 0.03125 0.128125
3 0.040625 0.05078125 0.0125 0.0609375
3 0.02890625 0.0515625 0.0125 0.0625
3 0.88125 0.68125 0.0390625 0.1328125
2 0.08203125 0.80859375 0.0890625 0.1703125
2 0.11875 0.9484375 0.128125 0.1015625