2 0.20078125 0.16015625 0.0515625 0.065625
1 0.240625 0.32421875 0.125 0.271875
3 0.35546875 0.240625 0.021875 0.090625
2 0.046875 0.47734375 0.084375 0.1015625
3 0.07109375 0.4 0.025 0.075
3 0.0328125 0.5609375 0.0234375 0.121875
2 0.0828125 0.80859375 0.0890625 0.1703125
2 0.11875 0.94921875 0.125 0.0984375
2 0.4109375 0.9265625 0.1078125 0.1421875
3 0.5828125 0.93046875 0.04375 0.1375
2 0.74140625 0.8953125 0.128125 0.1859375
2 0.68359375 0.74296875 0.115625 0.1953125
2 0.4984375 0.7234375 0.1015625 0.159375
2 0.61640625 0.634375 0.0859375 0.1421875
2 0.540625 0.57109375 0.084375 0.1328125
3 0.48203125 0.58984375 0.0359375 0.1109375
3 0.44453125 0.459375 0.03125 0.121875
2 0.38203125 0.50703125 0.0828125 0.125
2 0.36796875 0.3890625 0.071875 0.1109375
2 0.5015625 0.49609375 0.0765625 0.125
3 0.70546875 0.4046875 0.075 0.1203125
3 0.62890625 0.203125 0.0203125 0.096875