2 0.91328125 0.79296875 0.0890625 0.1546875
2 0.88203125 0.9484375 0.1234375 0.1015625
0 0.18515625 0.78515625 0.0359375 0.1703125
3 0.5828125 0.46171875 0.034375 0.1390625
3 0.81875 0.5796875 0.0203125 0.11875
3 0.31953125 0.3390625 0.021875 0.10625
3 0.38203125 0.32421875 0.0234375 0.10625
2 0.55390625 0.36328125 0.071875 0.1109375
1 0.78359375 0.23671875 0.115625 0.2484375
3 0.6703125 0.2609375 0.021875 0.103125
3 0.7125 0.1046875 0.0203125 0.0875
3 0.77265625 0.05859375 0.021875 0.0828125
3 0.80859375 0.09375 0.0203125 0.0453125
3 0.8484375 0.0890625 0.0171875 0.0625
2 0.7515625 0.134375 0.0453125 0.0796875
3 0.4390625 0.0875 0.0125 0.0453125
3 0.38828125 0.18984375 0.0125 0.075