2 0.61796875 0.228125 0.053125 0.0703125
3 0.82578125 0.02421875 0.0140625 0.0453125
2 0.6046875 0.2671875 0.0578125 0.0890625
2 0.69453125 0.271875 0.059375 0.09375
2 0.58046875 0.30859375 0.065625 0.1015625
2 0.67578125 0.31875 0.0625 0.09375
2 0.915625 0.35234375 0.103125 0.096875
2 0.77421875 0.35546875 0.071875 0.10625
3 0.6546875 0.375 0.025 0.11875
3 0.04453125 0.3953125 0.0296875 0.1109375
3 0.09609375 0.4171875 0.025 0.115625
3 0.5796875 0.4171875 0.028125 0.115625
3 0.11875 0.42421875 0.025 0.10625
3 0.62109375 0.4828125 0.0296875 0.1328125
2 0.9171875 0.80625 0.0875 0.16875
3 0.834375 0.8796875 0.0265625 0.125
3 0.821875 0.0921875 0.0171875 0.0796875
2 0.88125 0.9484375 0.125 0.1015625
3 0.7328125 0.9546875 0.040625 0.0890625