1 0.83203125 0.1203125 0.096875 0.2046875
3 0.725 0.0375 0.0140625 0.0703125
2 0.7546875 0.11875 0.0453125 0.0703125
2 0.68515625 0.3015625 0.0671875 0.1015625
2 0.70703125 0.2328125 0.0625 0.115625
2 0.7296875 0.19375 0.0484375 0.084375
2 0.7359375 0.1625 0.05625 0.065625
3 0.665625 0.12109375 0.0203125 0.0796875
2 0.75703125 0.3734375 0.071875 0.1109375
3 0.646875 0.428125 0.025 0.125
2 0.57109375 0.3640625 0.059375 0.10625
3 0.4671875 0.45546875 0.034375 0.125
3 0.740625 0.3109375 0.0265625 0.0828125
2 0.9328125 0.3640625 0.0765625 0.0921875
2 0.91796875 0.80859375 0.0890625 0.1703125
2 0.88125 0.9484375 0.128125 0.1015625
3 0.31953125 0.3078125 0.0171875 0.1078125
3 0.8265625 0.82421875 0.0265625 0.146875