2 0.20546875 0.1234375 0.053125 0.0796875
2 0.3125 0.115625 0.05625 0.084375
2 0.2171875 0.2859375 0.0609375 0.0890625
2 0.3796875 0.2296875 0.065625 0.0984375
2 0.2015625 0.43515625 0.1140625 0.1140625
2 0.38203125 0.43984375 0.0765625 0.121875
2 0.49609375 0.4046875 0.0875 0.1328125
2 0.540625 0.5296875 0.0921875 0.1328125
2 0.4578125 0.60546875 0.0921875 0.159375
3 0.53125 0.28515625 0.03125 0.1078125
3 0.5 0.11328125 0.021875 0.084375
3 0.959375 0.4015625 0.0765625 0.1203125
3 0.678125 0.24765625 0.0265625 0.0921875
2 0.084375 0.803125 0.09375 0.16875
2 0.1203125 0.946875 0.125 0.10625