3 0.303125 0.11796875 0.021875 0.0828125
3 0.3296875 0.18125 0.021875 0.0890625
1 0.2125 0.24375 0.11875 0.23125
2 0.36796875 0.40390625 0.0859375 0.2328125
2 0.484375 0.4078125 0.0796875 0.1203125
3 0.915625 0.4390625 0.021875 0.0703125
3 0.93515625 0.43359375 0.025 0.0796875
3 0.57578125 0.9171875 0.04375 0.1640625
2 0.08203125 0.80859375 0.0921875 0.1703125
2 0.11875 0.9484375 0.128125 0.1015625
0 0.92890625 0.94140625 0.0390625 0.115625
3 0.05390625 0.5375 0.025 0.125
3 0.021875 0.540625 0.025 0.125
2 0.0625 0.475 0.1140625 0.1015625