3 0.51328125 0.15625 0.0171875 0.084375
2 0.25 0.1578125 0.0515625 0.0828125
3 0.18046875 0.1703125 0.0203125 0.1015625
2 0.1875 0.01953125 0.040625 0.0390625
3 0.15234375 0.18984375 0.0203125 0.1015625
3 0.61328125 0.1921875 0.0203125 0.0765625
3 0.3546875 0.26953125 0.0265625 0.1140625
2 0.41484375 0.2921875 0.0828125 0.1140625
3 0.5296875 0.3140625 0.0390625 0.10625
3 0.25234375 0.353125 0.0265625 0.0859375
2 0.3609375 0.40625 0.0828125 0.115625
2 0.2140625 0.4359375 0.1078125 0.115625
2 0.51796875 0.47109375 0.084375 0.1375
3 0.4828125 0.5296875 0.03125 0.1390625
3 0.11328125 0.56953125 0.0265625 0.1109375
2 0.46015625 0.6390625 0.103125 0.184375
2 0.22109375 0.078125 0.0453125 0.0625
2 0.084375 0.7921875 0.0984375 0.1453125
3 0.5625 0.08984375 0.0140625 0.0453125
2 0.11875 0.94609375 0.1203125 0.10625
3 0.3015625 0.10546875 0.021875 0.0796875