2 0.23203125 0.078125 0.0453125 0.071875
2 0.32109375 0.2546875 0.021875 0.1015625
3 0.66953125 0.36171875 0.0265625 0.1109375
3 0.525 0.56875 0.0359375 0.15
3 0.5296875 0.71171875 0.0359375 0.1515625
2 0.11875 0.9484375 0.125 0.1015625
2 0.08203125 0.80859375 0.0890625 0.1734375
3 0.0765625 0.14296875 0.0140625 0.0609375
3 0.8890625 0.37890625 0.065625 0.1109375
3 0.9328125 0.3953125 0.0703125 0.1140625
3 0.9359375 0.38125 0.0703125 0.125
3 0.625 0.18046875 0.0140625 0.084375
3 0.046875 0.0765625 0.009375 0.0703125
3 0.03984375 0.07421875 0.009375 0.0703125