2 0.26328125 0.146875 0.071875 0.1421875
2 0.24609375 0.015625 0.04375 0.0296875
3 0.3296875 0.20703125 0.0171875 0.071875
2 0.3734375 0.22734375 0.05625 0.0921875
2 0.20546875 0.25703125 0.0625 0.0921875
2 0.30078125 0.26171875 0.0625 0.0921875
2 0.40859375 0.2703125 0.0578125 0.0921875
2 0.459375 0.34609375 0.0890625 0.134375
2 0.3765625 0.3953125 0.0703125 0.10625
1 0.290625 0.4359375 0.15 0.325
2 0.43125 0.5109375 0.0890625 0.134375
3 0.98046875 0.67578125 0.034375 0.134375
2 0.28828125 0.071875 0.053125 0.0875
2 0.08203125 0.81015625 0.0890625 0.1734375
2 0.11875 0.94921875 0.128125 0.0984375
3 0.56484375 0.95546875 0.0578125 0.0875
1 0.16328125 0.09609375 0.0828125 0.1828125
3 0.30859375 0.1359375 0.0203125 0.0671875