3 0.2484375 0.1515625 0.021875 0.0796875
2 0.30078125 0.24296875 0.071875 0.1140625
2 0.24765625 0.02734375 0.0453125 0.0546875
3 0.61640625 0.33671875 0.021875 0.1234375
3 0.5578125 0.37265625 0.0140625 0.10625
3 0.58203125 0.37890625 0.0296875 0.11875
3 0.4 0.390625 0.03125 0.0828125
2 0.38671875 0.48046875 0.0921875 0.146875
2 0.53125 0.4984375 0.096875 0.1328125
2 0.6265625 0.6671875 0.1078125 0.184375
3 0.5375 0.6875 0.0359375 0.1734375
1 0.8328125 0.8078125 0.3296875 0.3796875
2 0.08671875 0.81015625 0.0921875 0.178125
3 0.51953125 0.08515625 0.0140625 0.0609375
2 0.5671875 0.86796875 0.1171875 0.1953125
2 0.11796875 0.9484375 0.1203125 0.1015625