0 0.31875 0.59140625 0.0328125 0.1390625
0 0.390625 0.40234375 0.0515625 0.1109375
3 0.14453125 0.484375 0.0265625 0.084375
3 0.08671875 0.43984375 0.025 0.075
3 0.053125 0.4375 0.0265625 0.0625
3 0.84765625 0.78828125 0.0265625 0.1421875
3 0.80859375 0.7859375 0.0265625 0.146875
3 0.9625 0.62265625 0.0296875 0.125
3 0.9328125 0.62734375 0.03125 0.128125
3 0.953125 0.51953125 0.0265625 0.075
3 0.37734375 0.1890625 0.0234375 0.0984375
3 0.609375 0.30390625 0.0265625 0.0984375
3 0.77890625 0.3734375 0.025 0.10625
3 0.74609375 0.365625 0.0171875 0.1140625
2 0.67578125 0.30859375 0.065625 0.1109375
2 0.77421875 0.3328125 0.0671875 0.1015625
3 0.7671875 0.25390625 0.025 0.0578125
2 0.915625 0.79453125 0.0828125 0.1421875
2 0.87734375 0.9484375 0.1328125 0.1015625