3 0.2875 0.146875 0.021875 0.065625
2 0.2875 0.228125 0.0578125 0.0921875
2 0.39296875 0.24765625 0.0671875 0.115625
2 0.20703125 0.03125 0.0625 0.0625
3 0.77734375 0.31015625 0.0265625 0.1234375
3 0.609375 0.334375 0.0171875 0.115625
3 0.584375 0.359375 0.0125 0.10625
1 0.48828125 0.36328125 0.165625 0.3171875
3 0.59765625 0.37109375 0.0171875 0.1203125
2 0.41484375 0.53125 0.0859375 0.1453125
2 0.60234375 0.62109375 0.121875 0.2265625
2 0.08671875 0.80390625 0.09375 0.16875
3 0.27265625 0.08671875 0.0203125 0.0796875
2 0.125 0.94609375 0.1296875 0.10625
2 0.22734375 0.1140625 0.05625 0.084375