2 0.296875 0.84609375 0.128125 0.1828125
1 0.55078125 0.803125 0.2453125 0.3921875
3 0.35078125 0.50390625 0.0203125 0.1328125
1 0.75703125 0.30625 0.1296875 0.275
3 0.85546875 0.4046875 0.021875 0.1109375
2 0.915625 0.7953125 0.0921875 0.1515625
2 0.88125 0.94921875 0.125 0.096875
2 0.5875 0.31484375 0.0625 0.1015625
3 0.1 0.3765625 0.071875 0.1234375
3 0.4359375 0.09140625 0.0140625 0.0453125
2 0.85234375 0.103125 0.0515625 0.0703125
2 0.6921875 0.109375 0.0546875 0.0921875
2 0.73046875 0.046875 0.04375 0.065625
3 0.828125 0.03359375 0.0171875 0.0609375