3 0.79296875 0.1453125 0.021875 0.0890625
2 0.7828125 0.27734375 0.059375 0.0921875
3 0.77734375 0.421875 0.03125 0.103125
3 0.82578125 0.40390625 0.0171875 0.1171875
3 0.5734375 0.3015625 0.0265625 0.10625
3 0.4625 0.078125 0.0171875 0.065625
3 0.4828125 0.08046875 0.0140625 0.071875
3 0.3734375 0.18046875 0.0140625 0.084375
3 0.38203125 0.3234375 0.0171875 0.1078125
3 0.43125 0.8609375 0.040625 0.178125
2 0.8796875 0.9484375 0.125 0.1015625
2 0.91953125 0.81015625 0.0921875 0.1734375
3 0.11171875 0.3796875 0.06875 0.1140625
3 0.0640625 0.37890625 0.075 0.11875