2 0.203125 0.1546875 0.04375 0.071875
2 0.19609375 0.2125 0.05625 0.0890625
3 0.1296875 0.24609375 0.0375 0.0890625
2 0.30859375 0.2828125 0.0703125 0.0984375
3 0.2578125 0.0296875 0.021875 0.059375
2 0.10078125 0.3578125 0.134375 0.0921875
2 0.35546875 0.3578125 0.071875 0.115625
2 0.25390625 0.39921875 0.0671875 0.1109375
2 0.41015625 0.4796875 0.0875 0.1390625
3 0.0609375 0.59140625 0.0296875 0.1375
3 0.56484375 0.615625 0.034375 0.1453125
2 0.22109375 0.071875 0.053125 0.084375
1 0.43125 0.7171875 0.271875 0.471875
3 0.69375 0.7328125 0.0390625 0.16875
2 0.0828125 0.81015625 0.0875 0.1703125
2 0.1203125 0.94921875 0.128125 0.0984375