2 0.27890625 0.18359375 0.0578125 0.084375
3 0.2546875 0.2359375 0.0296875 0.1078125
2 0.3953125 0.24765625 0.0671875 0.0984375
3 0.30546875 0.2671875 0.0234375 0.1078125
3 0.36328125 0.39921875 0.0359375 0.1203125
2 0.26328125 0.0421875 0.0484375 0.0703125
0 0.69453125 0.4359375 0.071875 0.115625
0 0.696875 0.44921875 0.065625 0.11875
2 0.54453125 0.515625 0.096875 0.125
3 0.03125 0.53125 0.021875 0.1109375
2 0.57421875 0.65234375 0.1234375 0.2046875
1 0.1515625 0.071875 0.0765625 0.1421875
3 0.26328125 0.07578125 0.0203125 0.071875
2 0.08515625 0.803125 0.096875 0.16875
2 0.7328125 0.89453125 0.146875 0.209375
3 0.5640625 0.0953125 0.0140625 0.0625
2 0.11875 0.9484375 0.125 0.1015625
2 0.22109375 0.09609375 0.0484375 0.0703125
3 0.31484375 0.10234375 0.0234375 0.084375