3 0.71015625 0.2390625 0.021875 0.1015625
2 0.7953125 0.02734375 0.053125 0.0546875
0 0.52265625 0.27421875 0.025 0.10625
0 0.4828125 0.3140625 0.0265625 0.115625
3 0.3953125 0.3328125 0.0234375 0.1109375
3 0.5 0.35703125 0.025 0.0796875
3 0.21875 0.453125 0.021875 0.0921875
2 0.49609375 0.45546875 0.084375 0.1203125
3 0.4890625 0.61640625 0.034375 0.146875
1 0.646875 0.64921875 0.1859375 0.4359375
2 0.3546875 0.66015625 0.1171875 0.1734375
3 0.52265625 0.7390625 0.0359375 0.1375
2 0.91796875 0.80078125 0.0875 0.1640625
2 0.43125 0.85546875 0.125 0.2046875
3 0.21328125 0.93828125 0.0578125 0.1234375
2 0.88125 0.9484375 0.128125 0.1015625