3 0.7015625 0.1859375 0.021875 0.096875
3 0.796875 0.24296875 0.0265625 0.0984375
3 0.859375 0.02890625 0.021875 0.05625
3 0.93984375 0.3015625 0.0203125 0.0921875
3 0.04453125 0.32578125 0.0140625 0.1109375
3 0.5765625 0.328125 0.0296875 0.11875
3 0.0265625 0.328125 0.021875 0.1078125
3 0.19609375 0.33203125 0.021875 0.1140625
2 0.803125 0.03359375 0.04375 0.0625
2 0.72734375 0.0421875 0.0453125 0.0828125
3 0.92421875 0.0453125 0.0125 0.04375
3 0.94140625 0.046875 0.0140625 0.04375
3 0.5640625 0.49609375 0.03125 0.128125
3 0.959375 0.05078125 0.0125 0.0609375
3 0.97109375 0.0515625 0.0125 0.0625
3 0.11875 0.68125 0.0390625 0.1328125
2 0.91796875 0.80859375 0.0890625 0.1703125
2 0.88125 0.9484375 0.128125 0.1015625