2 0.703125 0.84609375 0.128125 0.1828125
1 0.44921875 0.803125 0.2453125 0.3921875
3 0.64921875 0.50390625 0.0203125 0.1328125
1 0.24296875 0.30625 0.1296875 0.275
3 0.14453125 0.4046875 0.021875 0.1109375
2 0.084375 0.7953125 0.090625 0.1515625
2 0.11875 0.94921875 0.125 0.096875
2 0.4125 0.31484375 0.0625 0.1015625
3 0.9 0.3765625 0.071875 0.1234375
3 0.5640625 0.09140625 0.0140625 0.0453125
2 0.14765625 0.103125 0.0515625 0.0703125
2 0.3078125 0.109375 0.0546875 0.0921875
2 0.26953125 0.046875 0.04375 0.065625
3 0.171875 0.03359375 0.0171875 0.0609375