0 0.4171875 0.18359375 0.0171875 0.084375
3 0.2359375 0.0265625 0.0203125 0.053125
3 0.29296875 0.30546875 0.025 0.1015625
3 0.353125 0.31875 0.0265625 0.115625
3 0.4171875 0.32421875 0.025 0.1078125
3 0.05625 0.03828125 0.0125 0.053125
2 0.44609375 0.5921875 0.0875 0.128125
3 0.271875 0.06640625 0.0171875 0.071875
2 0.0828125 0.80859375 0.0875 0.1734375
1 0.16484375 0.0890625 0.0875 0.178125
2 0.6078125 0.93359375 0.134375 0.1328125
2 0.11875 0.9484375 0.128125 0.1015625
3 0.04296875 0.11171875 0.0125 0.0609375