3 0.775 0.1609375 0.021875 0.0765625
3 0.771875 0.28515625 0.03125 0.1078125
3 0.58515625 0.290625 0.0265625 0.1234375
3 0.71171875 0.29296875 0.0265625 0.1078125
2 0.790625 0.03359375 0.0359375 0.0484375
3 0.93515625 0.3390625 0.0203125 0.1109375
2 0.6546875 0.3453125 0.075 0.1390625
3 0.296875 0.353125 0.025 0.1328125
3 0.0578125 0.396875 0.0875 0.1515625
0 0.24609375 0.4953125 0.0703125 0.096875
2 0.46875 0.521875 0.0890625 0.1375
1 0.66328125 0.61171875 0.1734375 0.4015625
2 0.9171875 0.7984375 0.0890625 0.153125
3 0.796875 0.08671875 0.0203125 0.053125
3 0.4390625 0.89453125 0.04375 0.190625
2 0.696875 0.08984375 0.0453125 0.0796875
2 0.8796875 0.9484375 0.125 0.1015625
3 0.71171875 0.13203125 0.0234375 0.0921875