1 0.1765625 0.13203125 0.09375 0.2078125
2 0.2453125 0.1109375 0.0515625 0.075
2 0.2359375 0.328125 0.0578125 0.096875
2 0.1984375 0.24765625 0.0484375 0.0875
2 0.21171875 0.28515625 0.0515625 0.09375
2 0.28984375 0.234375 0.0546875 0.0890625
2 0.3109375 0.271875 0.0546875 0.0875
2 0.3296875 0.31953125 0.0703125 0.0984375
3 0.359375 0.28515625 0.021875 0.0890625
3 0.384375 0.3703125 0.0265625 0.1140625
2 0.4203125 0.31953125 0.0671875 0.0984375
2 0.40390625 0.26953125 0.0609375 0.0796875
3 0.484375 0.3484375 0.0265625 0.1078125
3 0.5875 0.3234375 0.025 0.1109375
3 0.01953125 0.59765625 0.0265625 0.128125
2 0.08203125 0.80625 0.0890625 0.16875
2 0.11875 0.9484375 0.125 0.1015625
2 0.6046875 0.61875 0.0765625 0.146875
2 0.646875 0.68125 0.103125 0.18125
2 0.6875 0.78515625 0.1015625 0.16875
2 0.75390625 0.90390625 0.134375 0.190625
2 0.8328125 0.97265625 0.1234375 0.053125