2 0.678125 0.14296875 0.0484375 0.0875
2 0.7484375 0.01953125 0.04375 0.0390625
2 0.72734375 0.18515625 0.053125 0.0828125
3 0.56484375 0.2046875 0.025 0.10625
3 0.36796875 0.21640625 0.0203125 0.0875
0 0.509375 0.303125 0.0203125 0.115625
2 0.76953125 0.31953125 0.0625 0.1015625
3 0.37734375 0.328125 0.0203125 0.11875
2 0.54296875 0.36875 0.0703125 0.103125
1 0.66328125 0.38828125 0.159375 0.325
2 0.49609375 0.46640625 0.0796875 0.128125
3 0.459375 0.6109375 0.0359375 0.1453125
2 0.71875 0.06875 0.0484375 0.0703125
2 0.353125 0.6984375 0.115625 0.196875
2 0.484375 0.7046875 0.09375 0.16875
2 0.859375 0.078125 0.04375 0.0703125
2 0.915625 0.796875 0.0921875 0.1515625
3 0.06640625 0.928125 0.0359375 0.1421875
2 0.8796875 0.94921875 0.128125 0.096875
3 0.4328125 0.09609375 0.0140625 0.0453125
2 0.8421875 0.1046875 0.0453125 0.0796875