3 0.21875 0.9078125 0.0484375 0.18125
3 0.04296875 0.72265625 0.0296875 0.16875
3 0.0609375 0.38359375 0.071875 0.125
3 0.37890625 0.3265625 0.025 0.1171875
2 0.9171875 0.7953125 0.0875 0.159375
2 0.8796875 0.95078125 0.128125 0.096875
3 0.95078125 0.5734375 0.034375 0.121875
3 0.91953125 0.56875 0.0265625 0.1328125
3 0.953125 0.47265625 0.071875 0.103125
2 0.48828125 0.4859375 0.0875 0.134375
2 0.5953125 0.334375 0.0765625 0.125
2 0.7515625 0.384375 0.071875 0.1171875
3 0.68359375 0.27734375 0.0296875 0.10625
2 0.78828125 0.2484375 0.059375 0.09375
3 0.70078125 0.1890625 0.021875 0.084375
2 0.634375 0.2125 0.05625 0.0875
2 0.74296875 0.14921875 0.053125 0.0828125
2 0.6875 0.0984375 0.04375 0.0703125
2 0.7328125 0.04921875 0.04375 0.065625
3 0.7953125 0.0609375 0.0265625 0.0796875
3 0.89453125 0.11875 0.0265625 0.084375