2 0.66015625 0.15234375 0.0515625 0.075
3 0.93359375 0.16796875 0.0171875 0.0796875
2 0.72109375 0.2046875 0.065625 0.10625
1 0.87890625 0.02421875 0.0671875 0.0484375
2 0.7390625 0.025 0.0484375 0.0453125
3 0.93984375 0.3296875 0.0171875 0.0984375
3 0.3953125 0.3328125 0.021875 0.1109375
3 0.72109375 0.3921875 0.028125 0.115625
3 0.2859375 0.41328125 0.0234375 0.10625
3 0.09765625 0.43515625 0.0265625 0.0828125
0 0.36796875 0.50390625 0.03125 0.134375
0 0.32109375 0.5609375 0.0359375 0.15
3 0.54296875 0.6890625 0.0390625 0.165625
2 0.91796875 0.80546875 0.0890625 0.1703125
2 0.88125 0.946875 0.128125 0.103125
2 0.7015625 0.1046875 0.053125 0.075