3 0.375 0.18125 0.0140625 0.0828125
3 0.1109375 0.38125 0.065625 0.115625
3 0.0640625 0.38125 0.075 0.1203125
3 0.0671875 0.3953125 0.0703125 0.115625
3 0.94140625 0.040625 0.009375 0.05625
3 0.93046875 0.040625 0.0140625 0.05625
2 0.7796875 0.05859375 0.0453125 0.0625
2 0.91796875 0.80859375 0.0890625 0.1703125
2 0.69609375 0.08515625 0.053125 0.0890625
1 0.8390625 0.0921875 0.0828125 0.18125
2 0.88125 0.9484375 0.125 0.1015625
2 0.7515625 0.11875 0.0515625 0.075
3 0.99296875 0.1203125 0.009375 0.065625