2 0.8109375 0.19140625 0.053125 0.0828125
2 0.81875 0.02421875 0.053125 0.0484375
2 0.790625 0.265625 0.0625 0.0890625
3 0.32421875 0.29921875 0.021875 0.1109375
2 0.7640625 0.3296875 0.0671875 0.0703125
2 0.53984375 0.353125 0.071875 0.1140625
3 0.6109375 0.37734375 0.0296875 0.11875
2 0.77265625 0.4234375 0.0953125 0.146875
3 0.9625 0.4671875 0.0671875 0.115625
2 0.453125 0.66015625 0.0875 0.1515625
3 0.8125 0.06953125 0.0203125 0.071875
2 0.91796875 0.80625 0.0890625 0.1703125
2 0.6234375 0.8234375 0.0859375 0.159375
2 0.3796875 0.87890625 0.04375 0.1859375
2 0.25390625 0.8890625 0.1375 0.1875
1 0.521875 0.9046875 0.2265625 0.1875
2 0.8796875 0.9484375 0.128125 0.1015625
3 0.80546875 0.1 0.021875 0.0828125