3 0.26953125 0.1453125 0.021875 0.0828125
1 0.21484375 0.24609375 0.125 0.2671875
2 0.31484375 0.27734375 0.0625 0.103125
3 0.6265625 0.39921875 0.0765625 0.1140625
0 0.70078125 0.43984375 0.0703125 0.11875
0 0.6828125 0.446875 0.0703125 0.1203125
3 0.52734375 0.521875 0.0203125 0.1390625
3 0.50703125 0.53515625 0.040625 0.128125
1 0.1625 0.07578125 0.0984375 0.1515625
2 0.08515625 0.80390625 0.09375 0.1609375
3 0.56640625 0.0875 0.0125 0.04375
2 0.71640625 0.92890625 0.11875 0.1390625
2 0.11796875 0.94921875 0.125 0.0984375