2 0.32109375 0.296875 0.071875 0.1234375
2 0.25234375 0.40234375 0.0703125 0.125
3 0.6359375 0.40859375 0.075 0.115625
2 0.54921875 0.5296875 0.096875 0.1640625
3 0.4328125 0.58984375 0.0390625 0.125
2 0.5984375 0.8328125 0.1109375 0.1765625
2 0.11875 0.9484375 0.125 0.1015625
2 0.08203125 0.80859375 0.0890625 0.1734375
3 0.05078125 0.4125 0.025 0.1078125
3 0.18125 0.3890625 0.021875 0.10625
3 0.2703125 0.6546875 0.034375 0.1609375
3 0.86875 0.4015625 0.0703125 0.1109375
3 0.94140625 0.39921875 0.0296875 0.1140625
3 0.69453125 0.28828125 0.021875 0.103125