2 0.70546875 0.240625 0.0609375 0.0890625
2 0.76953125 0.02734375 0.0453125 0.0546875
3 0.55859375 0.296875 0.0265625 0.10625
2 0.65859375 0.33203125 0.0640625 0.1015625
3 0.17578125 0.35234375 0.0296875 0.1203125
3 0.30390625 0.41015625 0.021875 0.103125
2 0.609375 0.4484375 0.0796875 0.11875
2 0.78515625 0.06015625 0.04375 0.065625
3 0.39296875 0.7328125 0.0359375 0.1640625
2 0.91796875 0.80859375 0.0890625 0.1703125
2 0.88125 0.94921875 0.128125 0.0984375
2 0.9328125 0.10546875 0.10625 0.075
1 0.83671875 0.109375 0.084375 0.1921875