3 0.1203125 0.14453125 0.025 0.0796875
3 0.06640625 0.3296875 0.021875 0.09375
2 0.2125 0.15390625 0.0515625 0.0828125
2 0.20703125 0.0640625 0.04375 0.071875
2 0.28125 0.05859375 0.0453125 0.065625
2 0.28984375 0.2390625 0.0546875 0.0890625
2 0.3953125 0.2703125 0.0671875 0.1015625
3 0.48046875 0.109375 0.0140625 0.065625
0 0.59765625 0.39921875 0.05625 0.1078125
3 0.9171875 0.41796875 0.065625 0.11875
2 0.11875 0.9484375 0.128125 0.0984375
2 0.08203125 0.80625 0.0890625 0.16875
3 0.19453125 0.93046875 0.0265625 0.1375