2 0.853125 0.021875 0.04375 0.04375
2 0.6 0.2640625 0.0671875 0.0984375
2 0.69140625 0.271875 0.0703125 0.0984375
3 0.75703125 0.02734375 0.0234375 0.0546875
3 0.4 0.296875 0.0203125 0.10625
2 0.7546875 0.359375 0.0828125 0.11875
3 0.7203125 0.0375 0.0203125 0.0703125
2 0.5171875 0.38671875 0.0796875 0.1546875
2 0.6421875 0.39453125 0.075 0.125
3 0.140625 0.40859375 0.0265625 0.1234375
2 0.59609375 0.5015625 0.0671875 0.1234375
4 0.51796875 0.6078125 0.146875 0.334375
2 0.3484375 0.7078125 0.13125 0.2078125
2 0.915625 0.7953125 0.096875 0.159375
2 0.44453125 0.834375 0.11875 0.1859375
2 0.384375 0.9328125 0.134375 0.1328125
2 0.88203125 0.946875 0.1296875 0.10625
2 0.84375 0.1 0.0515625 0.0765625