2 0.08515625 0.79921875 0.096875 0.165625
2 0.12109375 0.95078125 0.128125 0.096875
1 0.31953125 0.53828125 0.16875 0.3828125
1 0.41484375 0.421875 0.16875 0.3328125
2 0.5171875 0.43046875 0.05625 0.1203125
2 0.30859375 0.25625 0.0609375 0.103125
2 0.30546875 0.1 0.0484375 0.06875
2 0.1921875 0.11796875 0.0515625 0.0796875
2 0.2640625 0.0328125 0.0515625 0.0625
3 0.56484375 0.08671875 0.0140625 0.0484375
3 0.63203125 0.18046875 0.0203125 0.09375
3 0.8328125 0.39921875 0.0640625 0.128125
3 0.959375 0.40234375 0.0796875 0.125
3 0.13203125 0.415625 0.0265625 0.115625