2 0.25390625 0.01953125 0.0484375 0.0390625
2 0.2859375 0.2203125 0.0578125 0.0984375
3 0.36640625 0.25390625 0.0265625 0.0921875
3 0.25390625 0.303125 0.0265625 0.0921875
2 0.20546875 0.03125 0.040625 0.0625
3 0.15390625 0.0328125 0.0203125 0.065625
3 0.8171875 0.35 0.0296875 0.125
2 0.46484375 0.3921875 0.071875 0.1015625
2 0.24609375 0.39921875 0.0765625 0.1203125
2 0.0578125 0.49140625 0.1078125 0.1328125
2 0.55625 0.49296875 0.1234375 0.240625
3 0.49296875 0.5515625 0.0359375 0.128125
2 0.4328125 0.58984375 0.0890625 0.15625
3 0.62265625 0.7390625 0.040625 0.1015625
2 0.515625 0.7703125 0.1140625 0.178125
2 0.0828125 0.7953125 0.0984375 0.159375
0 0.3234375 0.81015625 0.034375 0.16875
3 0.5640625 0.08671875 0.0125 0.053125
4 0.6828125 0.8890625 0.2015625 0.2171875
2 0.8109375 0.91796875 0.1109375 0.159375
2 0.12265625 0.946875 0.134375 0.10625
2 0.23203125 0.0984375 0.0578125 0.075
3 0.1078125 0.11796875 0.0140625 0.0828125