2 0.61875 0.64453125 0.0984375 0.1515625
2 0.446875 0.634375 0.0984375 0.1640625
2 0.6109375 0.93984375 0.1390625 0.11875
3 0.46875 0.43125 0.0390625 0.125
3 0.9390625 0.375 0.071875 0.1109375
2 0.37890625 0.4125 0.0765625 0.1328125
2 0.33671875 0.32421875 0.065625 0.103125
2 0.30546875 0.2390625 0.0765625 0.13125
2 0.2859375 0.0640625 0.0578125 0.0828125
2 0.22578125 0.04921875 0.0453125 0.0703125
3 0.1453125 0.12734375 0.0265625 0.0796875
2 0.08515625 0.80078125 0.096875 0.1703125
2 0.1234375 0.94140625 0.1328125 0.115625