3 0.36640625 0.209375 0.0203125 0.0703125
2 0.2921875 0.2296875 0.0578125 0.0890625
4 0.43359375 0.28359375 0.1015625 0.2640625
3 0.64765625 0.31640625 0.0171875 0.1078125
2 0.271875 0.040625 0.04375 0.0703125
1 0.27265625 0.4203125 0.1421875 0.3203125
2 0.1359375 0.05078125 0.034375 0.0625
2 0.44453125 0.61328125 0.1109375 0.1765625
2 0.62890625 0.68359375 0.1015625 0.1546875
2 0.08203125 0.80859375 0.0890625 0.1703125
2 0.7609375 0.87734375 0.1375 0.2390625
2 0.11875 0.94921875 0.125 0.0984375
1 0.16796875 0.1109375 0.0765625 0.16875
3 0.5046875 0.1203125 0.0171875 0.0828125