2 0.65859375 0.1546875 0.0515625 0.0796875
2 0.7953125 0.2078125 0.0515625 0.084375
2 0.63125 0.2125 0.0546875 0.0890625
3 0.74609375 0.02421875 0.0203125 0.0484375
3 0.9421875 0.24375 0.0171875 0.0921875
2 0.703125 0.2484375 0.0578125 0.0875
3 0.39921875 0.27890625 0.021875 0.10625
2 0.57109375 0.30546875 0.0703125 0.1234375
3 0.8578125 0.4015625 0.0203125 0.1203125
2 0.4984375 0.41328125 0.0875 0.15
1 0.72578125 0.41796875 0.1453125 0.3171875
2 0.59765625 0.4359375 0.1078125 0.2234375
2 0.80078125 0.0453125 0.04375 0.0625
3 0.4828125 0.52734375 0.034375 0.1375
3 0.39765625 0.55078125 0.034375 0.0828125
2 0.37890625 0.6671875 0.103125 0.153125
3 0.85078125 0.0796875 0.0203125 0.0796875
2 0.91796875 0.80859375 0.0890625 0.1703125
2 0.69921875 0.0875 0.0515625 0.0703125
2 0.43515625 0.89921875 0.121875 0.1875
3 0.3125 0.9234375 0.0453125 0.1515625
2 0.88125 0.94921875 0.128125 0.0984375
2 0.19453125 0.9578125 0.115625 0.0828125
3 0.74375 0.11875 0.0203125 0.0765625