3 0.05546875 0.2875 0.0140625 0.0828125
3 0.0625 0.521875 0.0296875 0.1078125
3 0.209375 0.3953125 0.0171875 0.1140625
3 0.0625 0.63203125 0.025 0.1296875
2 0.08203125 0.80859375 0.0890625 0.1734375
2 0.11875 0.94921875 0.128125 0.0984375
3 0.63125 0.509375 0.0484375 0.1234375
3 0.66328125 0.4109375 0.071875 0.115625
3 0.6203125 0.27265625 0.0234375 0.0890625
3 0.59765625 0.21875 0.0203125 0.084375
2 0.32421875 0.31875 0.0625 0.09375
2 0.41796875 0.30859375 0.0625 0.1015625
2 0.3921875 0.26171875 0.0609375 0.0921875
2 0.36796875 0.21015625 0.053125 0.075