2 0.615625 0.24609375 0.0625 0.09375
3 0.421875 0.25234375 0.0171875 0.0875
2 0.67578125 0.28828125 0.0671875 0.096875
2 0.79921875 0.03125 0.053125 0.0625
3 0.39296875 0.3328125 0.0171875 0.115625
3 0.8796875 0.3765625 0.0203125 0.1015625
3 0.93515625 0.4046875 0.0484375 0.084375
3 0.03359375 0.41484375 0.021875 0.1015625
2 0.75625 0.4203125 0.0703125 0.10625
3 0.015625 0.4265625 0.0125 0.0796875
2 0.6078125 0.46484375 0.0828125 0.1109375
2 0.91796875 0.8078125 0.0890625 0.1703125
3 0.2015625 0.8453125 0.0359375 0.159375
3 0.73046875 0.9109375 0.034375 0.159375
2 0.88125 0.9484375 0.125 0.1015625