3 0.765625 0.1390625 0.021875 0.0890625
2 0.61875 0.2328125 0.059375 0.10625
2 0.6609375 0.33984375 0.0703125 0.125
3 0.09765625 0.3921875 0.0703125 0.1234375
3 0.03984375 0.4 0.0796875 0.1203125
3 0.83046875 0.4546875 0.04375 0.1171875
3 0.85 0.6234375 0.0359375 0.1453125
3 0.88359375 0.6421875 0.021875 0.128125
2 0.915625 0.796875 0.096875 0.165625
1 0.8421875 0.0828125 0.0828125 0.1625
3 0.4359375 0.08984375 0.0125 0.05625
2 0.69453125 0.0921875 0.059375 0.090625
2 0.8796875 0.9484375 0.128125 0.1015625