3 0.74296875 0.896875 0.0515625 0.1953125
2 0.49296875 0.6890625 0.1015625 0.153125
3 0.56875 0.6625 0.034375 0.159375
3 0.62265625 0.634375 0.04375 0.1640625
3 0.265625 0.90625 0.034375 0.1734375
3 0.1203125 0.946875 0.128125 0.10625
3 0.0828125 0.7984375 0.09375 0.1609375
2 0.4578125 0.37890625 0.0828125 0.15625
2 0.18359375 0.43984375 0.125 0.1078125
2 0.2859375 0.21484375 0.0609375 0.096875
2 0.23828125 0.13671875 0.0609375 0.0765625
3 0.93046875 0.38125 0.065625 0.1015625
3 0.95546875 0.4125 0.075 0.1203125
3 0.23203125 0.33984375 0.0296875 0.10625
3 0.209375 0.2765625 0.0265625 0.0921875
3 0.17890625 0.0796875 0.0203125 0.0796875
3 0.203125 0.10078125 0.021875 0.084375
3 0.28828125 0.1046875 0.021875 0.0828125
3 0.3171875 0.115625 0.0203125 0.0515625