2 0.79921875 0.0453125 0.04375 0.0671875
2 0.7015625 0.2328125 0.0703125 0.115625
2 0.67890625 0.134375 0.04375 0.0703125
3 0.571875 0.5140625 0.03125 0.1375
3 0.0625 0.38203125 0.0203125 0.10625
3 0.04296875 0.37734375 0.0203125 0.1140625
0 0.3234375 0.59140625 0.03125 0.1421875
2 0.8796875 0.9484375 0.128125 0.1015625
2 0.91796875 0.80859375 0.0890625 0.1734375
3 0.8609375 0.7703125 0.0296875 0.146875
3 0.828125 0.76796875 0.0265625 0.146875
3 0.94375 0.0375 0.0125 0.0515625
3 0.94140625 0.1359375 0.0125 0.0625