3 0.7953125 0.0359375 0.0171875 0.0703125
0 0.6703125 0.053125 0.0171875 0.0703125
2 0.78984375 0.290625 0.0609375 0.1015625
2 0.7671875 0.35078125 0.0703125 0.1078125
2 0.66953125 0.3328125 0.0703125 0.1015625
2 0.57421875 0.296875 0.0703125 0.125
3 0.4703125 0.44921875 0.028125 0.125
3 0.634375 0.47109375 0.0265625 0.128125
3 0.6140625 0.428125 0.0265625 0.11875
2 0.22109375 0.91796875 0.1328125 0.159375
2 0.91796875 0.80859375 0.0890625 0.1703125
2 0.88125 0.94921875 0.128125 0.0984375
3 0.68046875 0.1671875 0.021875 0.096875
3 0.43046875 0.24296875 0.021875 0.0984375