2 0.08671875 0.803125 0.09375 0.165625
2 0.1265625 0.94609375 0.1390625 0.10625
2 0.33671875 0.33203125 0.071875 0.103125
2 0.43984375 0.3296875 0.075 0.1140625
2 0.4046875 0.271875 0.0625 0.1015625
2 0.29921875 0.234375 0.0640625 0.1015625
3 0.0765625 0.46171875 0.0703125 0.1234375
3 0.44140625 0.45546875 0.0296875 0.1328125
3 0.6265625 0.75859375 0.04375 0.1859375
3 0.7078125 0.72265625 0.0390625 0.1640625
3 0.5375 0.25625 0.021875 0.103125
3 0.7796875 0.38125 0.0171875 0.10625
3 0.80546875 0.38125 0.03125 0.11875
3 0.921875 0.43984375 0.025 0.0828125
1 0.22734375 0.27265625 0.1109375 0.253125
1 0.1734375 0.11328125 0.1015625 0.2
3 0.484375 0.0484375 0.0140625 0.05625