2 0.26171875 0.16953125 0.053125 0.0796875
3 0.615625 0.19140625 0.0171875 0.0875
2 0.2484375 0.021875 0.040625 0.04375
3 0.36328125 0.25390625 0.025 0.1015625
3 0.9484375 0.321875 0.0203125 0.10625
3 0.58203125 0.35546875 0.021875 0.103125
3 0.3296875 0.36328125 0.03125 0.1203125
3 0.9640625 0.365625 0.0703125 0.115625
3 0.18046875 0.58671875 0.025 0.121875
2 0.58203125 0.62265625 0.11875 0.1875
2 0.084375 0.80546875 0.09375 0.178125
3 0.5625 0.08515625 0.0125 0.040625
2 0.228125 0.0875 0.053125 0.0625
3 0.37109375 0.9234375 0.0390625 0.1515625
2 0.12109375 0.94921875 0.128125 0.0984375