4 0.28828125 0.1890625 0.0828125 0.196875
2 0.25 0.02265625 0.0484375 0.0453125
3 0.06640625 0.22265625 0.0140625 0.075
3 0.44453125 0.2328125 0.0265625 0.103125
2 0.3921875 0.23671875 0.071875 0.128125
2 0.18984375 0.0265625 0.04375 0.0515625
2 0.3328125 0.3015625 0.071875 0.096875
2 0.36796875 0.40390625 0.0828125 0.1234375
2 0.49296875 0.41015625 0.0828125 0.1109375
3 0.3078125 0.584375 0.034375 0.1421875
3 0.5171875 0.615625 0.040625 0.153125
2 0.084375 0.7984375 0.09375 0.1609375
2 0.12109375 0.94609375 0.128125 0.10625