3 0.38828125 0.19453125 0.0125 0.0796875
2 0.73828125 0.196875 0.05625 0.084375
2 0.8171875 0.203125 0.0609375 0.0796875
2 0.7078125 0.23046875 0.0671875 0.096875
2 0.7984375 0.24296875 0.0625 0.084375
2 0.609375 0.24765625 0.0703125 0.096875
2 0.75 0.0265625 0.0453125 0.0484375
3 0.6203125 0.30859375 0.021875 0.09375
2 0.5765625 0.31484375 0.0625 0.0984375
2 0.709375 0.3171875 0.0984375 0.1140625
3 0.60234375 0.4359375 0.0359375 0.11875
2 0.55859375 0.5734375 0.09375 0.1484375
3 0.36328125 0.634375 0.0359375 0.153125
3 0.79296875 0.06640625 0.025 0.071875
2 0.91484375 0.80546875 0.0921875 0.1703125
3 0.4390625 0.08515625 0.0125 0.0484375
2 0.87890625 0.95078125 0.125 0.096875
3 0.73203125 0.1140625 0.021875 0.0828125