3 0.0578125 0.3234375 0.0203125 0.096875
3 0.040625 0.09140625 0.0140625 0.0515625
2 0.2078125 0.0484375 0.0453125 0.0625
2 0.2640625 0.0328125 0.04375 0.0625
2 0.240625 0.12109375 0.0515625 0.0703125
2 0.18515625 0.2046875 0.053125 0.0828125
3 0.609375 0.334375 0.0171875 0.1109375
3 0.56015625 0.30859375 0.0171875 0.09375
3 0.665625 0.28828125 0.021875 0.0984375
4 0.615625 0.6265625 0.16875 0.23125
2 0.08203125 0.80625 0.0890625 0.1765625
2 0.11875 0.9484375 0.128125 0.1015625
3 0.0609375 0.40625 0.04375 0.0828125
3 0.41328125 0.94453125 0.0390625 0.10625
3 0.9265625 0.44453125 0.025 0.0609375