3 0.3296875 0.1734375 0.0171875 0.0921875
2 0.265625 0.18359375 0.065625 0.10625
2 0.3859375 0.2171875 0.059375 0.121875
3 0.0671875 0.23828125 0.0203125 0.084375
3 0.63828125 0.30859375 0.0140625 0.0890625
3 0.6046875 0.3328125 0.021875 0.1078125
2 0.525 0.5015625 0.090625 0.1421875
2 0.390625 0.50390625 0.0828125 0.1328125
3 0.2765625 0.0515625 0.0203125 0.0765625
3 0.7125 0.54296875 0.0203125 0.1328125
1 0.1359375 0.07421875 0.090625 0.1484375
3 0.521875 0.078125 0.0171875 0.075
2 0.6765625 0.78828125 0.1203125 0.1734375
2 0.08203125 0.80546875 0.0890625 0.1734375
3 0.25 0.09375 0.021875 0.0765625
2 0.11875 0.9484375 0.128125 0.1015625
3 0.196875 0.10078125 0.0203125 0.075
3 0.31953125 0.103125 0.0203125 0.0703125
3 0.209375 0.11328125 0.021875 0.0828125