1 0.165625 0.1109375 0.0890625 0.196875
2 0.2390625 0.08203125 0.0484375 0.071875
3 0.04296875 0.47109375 0.065625 0.11875
3 0.18046875 0.5828125 0.021875 0.115625
2 0.084375 0.796875 0.0921875 0.15625
2 0.12265625 0.946875 0.125 0.103125
2 0.52890625 0.80078125 0.1015625 0.178125
2 0.42578125 0.53984375 0.0828125 0.134375
2 0.5109375 0.475 0.0828125 0.1328125
2 0.3578125 0.38125 0.0703125 0.115625
2 0.37890625 0.2171875 0.0703125 0.125
0 0.45078125 0.21171875 0.021875 0.10625
3 0.6078125 0.7671875 0.04375 0.1640625
2 0.65390625 0.71484375 0.1015625 0.1640625
3 0.61640625 0.321875 0.0171875 0.1109375
3 0.58984375 0.234375 0.0203125 0.0984375
3 0.56484375 0.0875 0.0125 0.0453125
3 0.61328125 0.19453125 0.0203125 0.0828125