2 0.8171875 0.6171875 0.06875 0.0921875
2 0.34921875 0.4390625 0.053125 0.13125
2 0.928125 0.559375 0.04375 0.0625
2 0.16640625 0.8953125 0.18125 0.2078125
2 0.83046875 0.52109375 0.0546875 0.0765625
2 0.93671875 0.68828125 0.0671875 0.178125
2 0.94765625 0.4796875 0.0421875 0.0609375
4 0.4765625 0.478125 0.0171875 0.0625
2 0.33125 0.33125 0.025 0.0421875
2 0.33671875 0.36640625 0.03125 0.0296875
2 0.20078125 0.51015625 0.0421875 0.0859375
4 0.5546875 0.496875 0.0140625 0.034375
2 0.25234375 0.36484375 0.034375 0.0609375
4 0.90390625 0.46484375 0.0140625 0.040625
4 0.275 0.52421875 0.0203125 0.0765625
4 0.25234375 0.50703125 0.01875 0.065625
4 0.39609375 0.9140625 0.0390625 0.171875
4 0.3296875 0.9296875 0.0328125 0.140625
4 0.19140625 0.68203125 0.0265625 0.1296875
4 0.0890625 0.79140625 0.0234375 0.121875
4 0.1171875 0.76875 0.0234375 0.0734375
4 0.4625 0.471875 0.01875 0.084375
4 0.51953125 0.45625 0.0203125 0.0765625
4 0.5734375 0.4671875 0.01875 0.078125
4 0.40234375 0.43359375 0.01875 0.06875
4 0.278125 0.709375 0.0265625 0.15
0 0.29609375 0.73828125 0.034375 0.1
0 0.46015625 0.390625 0.0203125 0.0484375
0 0.6125 0.41015625 0.0109375 0.0421875
2 0.5859375 0.7234375 0.1421875 0.1796875
0 0.84765625 0.4640625 0.0203125 0.0328125