2 0.91796875 0.83359375 0.0671875 0.203125
2 0.71640625 0.7375 0.1078125 0.20625
2 0.57109375 0.61171875 0.1109375 0.14375
2 0.2875 0.63046875 0.1171875 0.14375
2 0.14765625 0.340625 0.040625 0.09375
2 0.9109375 0.61484375 0.0515625 0.1140625
2 0.8453125 0.56171875 0.0578125 0.10625
2 0.83515625 0.4859375 0.053125 0.0953125
2 0.9140625 0.503125 0.0453125 0.0625
2 0.92734375 0.44296875 0.04375 0.053125
1 0.97265625 0.46328125 0.0546875 0.159375
2 0.56328125 0.40859375 0.0625 0.0703125
2 0.44296875 0.40546875 0.059375 0.1484375
2 0.40390625 0.42265625 0.0390625 0.078125
2 0.3515625 0.43125 0.040625 0.0796875
2 0.3 0.43359375 0.034375 0.078125
2 0.37421875 0.3828125 0.034375 0.0703125
4 0.2359375 0.5078125 0.015625 0.0890625
4 0.16015625 0.47265625 0.0109375 0.065625
4 0.07421875 0.5265625 0.009375 0.0734375
4 0.04921875 0.5796875 0.0125 0.0875
4 0.65234375 0.409375 0.0171875 0.0703125
4 0.60625 0.44453125 0.0140625 0.0671875
2 0.40703125 0.31640625 0.028125 0.053125
2 0.3546875 0.33203125 0.0265625 0.0546875
2 0.33203125 0.38359375 0.03125 0.059375
2 0.2953125 0.384375 0.0265625 0.0546875