2 0.7390625 0.45625 0.0484375 0.10625
2 0.215625 0.515625 0.06875 0.078125
4 0.6453125 0.8703125 0.04375 0.178125
4 0.6140625 0.778125 0.03125 0.1265625
4 0.57734375 0.75703125 0.034375 0.1296875
2 0.04453125 0.62578125 0.0890625 0.2375
2 0.66875 0.35078125 0.0375 0.078125
2 0.75703125 0.278125 0.01875 0.025
2 0.753125 0.31171875 0.025 0.0421875
2 0.67734375 0.2953125 0.021875 0.0296875
2 0.665625 0.32890625 0.034375 0.0375
2 0.67890625 0.2875 0.01875 0.01875
2 0.8046875 0.47109375 0.0453125 0.0734375
2 0.671875 0.30546875 0.0265625 0.0265625
2 0.67109375 0.31875 0.0359375 0.05625
2 0.03828125 0.56640625 0.0765625 0.1046875
4 0.39765625 0.7671875 0.028125 0.1203125
2 0.05859375 0.8984375 0.1171875 0.19375
4 0.29453125 0.4734375 0.0171875 0.065625
4 0.3359375 0.44921875 0.021875 0.0671875
4 0.5765625 0.50703125 0.01875 0.0546875
0 0.58359375 0.5453125 0.0484375 0.0625