2 0.26953125 0.45390625 0.05 0.109375
2 0.1421875 0.7765625 0.1015625 0.2140625
2 0.31015625 0.303125 0.0546875 0.06875
0 0.6765625 0.46328125 0.0453125 0.078125
4 0.534375 0.26015625 0.015625 0.0515625
4 0.67890625 0.44609375 0.03125 0.065625
2 0.21171875 0.209375 0.0359375 0.046875
4 0.4640625 0.2625 0.0171875 0.040625
4 0.77890625 0.36015625 0.01875 0.0640625
2 0.21484375 0.21328125 0.0359375 0.034375
2 0.88515625 0.4 0.0546875 0.0859375
4 0.6140625 0.30546875 0.0171875 0.053125
2 0.190625 0.27578125 0.0375 0.0703125
2 0.2359375 0.321875 0.040625 0.0703125
2 0.93359375 0.41640625 0.0390625 0.1015625
2 0.9484375 0.3703125 0.0328125 0.0578125
4 0.89140625 0.45625 0.0234375 0.059375