2 0.91328125 0.6015625 0.0625 0.215625
2 0.8578125 0.5734375 0.0453125 0.1046875
2 0.85078125 0.4921875 0.04375 0.0875
2 0.6765625 0.70234375 0.1015625 0.2140625
2 0.74453125 0.8328125 0.103125 0.2109375
2 0.4734375 0.453125 0.075 0.0953125
2 0.35078125 0.4578125 0.08125 0.0921875
2 0.196875 0.5546875 0.08125 0.1125
2 0.05 0.4203125 0.0328125 0.071875
2 0.3703125 0.28984375 0.0421875 0.053125
2 0.32265625 0.27578125 0.0390625 0.0546875
2 0.29921875 0.35703125 0.040625 0.075
2 0.26171875 0.36640625 0.0421875 0.06875
2 0.275 0.2765625 0.0328125 0.04375
2 0.23984375 0.27421875 0.0265625 0.0359375
2 0.20859375 0.32265625 0.0234375 0.040625
2 0.18671875 0.30859375 0.01875 0.0390625
2 0.2703125 0.32265625 0.0265625 0.0375
2 0.2359375 0.30625 0.0265625 0.0453125
2 0.19609375 0.26328125 0.028125 0.0375
2 0.22890625 0.2328125 0.01875 0.0359375
2 0.2578125 0.2390625 0.025 0.0390625
2 0.24921875 0.2234375 0.0125 0.03125
2 0.2640625 0.21953125 0.0203125 0.0328125
2 0.29609375 0.2234375 0.03125 0.0328125
4 0.1703125 0.4421875 0.009375 0.06875
4 0.1640625 0.4390625 0.009375 0.05625
4 0.3390625 0.3234375 0.0125 0.0390625
0 0.3421875 0.3421875 0.0125 0.0359375
4 0.67890625 0.4828125 0.0265625 0.0578125
3 0.6765625 0.5015625 0.0515625 0.0671875
3 0.6140625 0.3296875 0.015625 0.0375
2 0.5953125 0.3609375 0.053125 0.05625
2 0.6953125 0.30078125 0.0375 0.05
2 0.7578125 0.315625 0.0375 0.05
2 0.8125 0.3 0.028125 0.0390625