2 0.265625 0.46328125 0.05625 0.1359375
2 0.38203125 0.38359375 0.065625 0.121875
2 0.33125 0.315625 0.0578125 0.08125
2 0.2484375 0.26875 0.04375 0.0546875
2 0.7671875 0.15078125 0.0171875 0.01875
2 0.16796875 0.20625 0.1140625 0.0484375
2 0.225 0.2078125 0.0421875 0.0375
4 0.01875 0.2328125 0.01875 0.0375
4 0.76015625 0.4046875 0.0203125 0.065625
2 0.75390625 0.14375 0.040625 0.0390625
4 0.81484375 0.40078125 0.0171875 0.0546875
2 0.1609375 0.7796875 0.1453125 0.3109375
2 0.2171875 0.2921875 0.0359375 0.0625
2 0.0171875 0.32421875 0.034375 0.0484375
2 0.953125 0.8109375 0.09375 0.1578125
2 0.959375 0.36640625 0.0375 0.078125
0 0.81484375 0.421875 0.034375 0.0515625
4 0.59765625 0.32265625 0.0203125 0.0625