2 0.553125 0.690625 0.153125 0.15625
2 0.271875 0.59453125 0.1046875 0.1125
2 0.21171875 0.51171875 0.0671875 0.0828125
1 0.09453125 0.54140625 0.165625 0.2
2 0.740625 0.4546875 0.046875 0.10625
2 0.75078125 0.30859375 0.03125 0.0453125
2 0.6703125 0.35 0.040625 0.0828125
2 0.678125 0.29609375 0.0234375 0.03125
4 0.56640625 0.80546875 0.0359375 0.159375
2 0.8078125 0.47890625 0.046875 0.0890625
4 0.225 0.4609375 0.0125 0.0390625
0 0.753125 0.59609375 0.0453125 0.06875
4 0.40703125 0.40234375 0.0171875 0.05625
2 0.8125 0.37734375 0.0796875 0.0859375
4 0.71171875 0.309375 0.0125 0.04375
2 0.7765625 0.46796875 0.1109375 0.1171875
4 0.17890625 0.659375 0.0109375 0.034375
4 0.76328125 0.86953125 0.0359375 0.1625
4 0.74921875 0.5546875 0.025 0.0828125
4 0.909375 0.615625 0.025 0.121875
4 0.47109375 0.565625 0.028125 0.1015625
4 0.378125 0.53671875 0.0140625 0.1046875
4 0.59453125 0.38515625 0.025 0.0515625