2 0.7390625 0.565625 0.1171875 0.1015625
2 0.68359375 0.64609375 0.1453125 0.1265625
2 0.2765625 0.49609375 0.08125 0.0859375
2 0.03671875 0.45859375 0.0390625 0.05625
2 0.16796875 0.4453125 0.0578125 0.08125
2 0.090625 0.6953125 0.059375 0.153125
2 0.8765625 0.54765625 0.059375 0.109375
2 0.0765625 0.5234375 0.0484375 0.0828125
2 0.61328125 0.36640625 0.0359375 0.053125
2 0.8375 0.4 0.0328125 0.0578125
2 0.8375 0.5 0.046875 0.078125
2 0.6671875 0.334375 0.028125 0.040625
2 0.6421875 0.390625 0.0390625 0.0703125
1 0.63515625 0.3203125 0.025 0.040625
2 0.0328125 0.39921875 0.0328125 0.0453125
2 0.69453125 0.37890625 0.0359375 0.0640625
2 0.6796875 0.33828125 0.0546875 0.0484375
2 0.7 0.33125 0.028125 0.0390625
2 0.8328125 0.38984375 0.0265625 0.040625
2 0.065625 0.4078125 0.0359375 0.046875
2 0.696875 0.40703125 0.034375 0.03125
2 0.85625 0.31015625 0.046875 0.059375
2 0.69609375 0.3171875 0.0390625 0.0734375
4 0.43359375 0.4609375 0.01875 0.059375
0 0.43359375 0.50078125 0.03125 0.0546875
4 0.69140625 0.4484375 0.0234375 0.075
4 0.775 0.4640625 0.0140625 0.05625