2 0.72265625 0.434375 0.053125 0.08125
2 0.16875 0.5203125 0.053125 0.075
2 0.6703125 0.32421875 0.0265625 0.0484375
2 0.64921875 0.4375 0.05 0.1265625
4 0.3421875 0.4828125 0.03125 0.078125
4 0.39609375 0.47890625 0.0203125 0.065625
4 0.88984375 0.72265625 0.025 0.1125
4 0.91640625 0.725 0.01875 0.140625
4 0.7109375 0.59765625 0.01875 0.0921875
4 0.7171875 0.5140625 0.0203125 0.0640625
4 0.66015625 0.5953125 0.01875 0.1046875
4 0.64296875 0.61015625 0.0203125 0.1171875
4 0.60703125 0.61796875 0.015625 0.1171875
4 0.56796875 0.60390625 0.021875 0.1
4 0.571875 0.5859375 0.015625 0.096875
4 0.615625 0.553125 0.0078125 0.0859375
4 0.4703125 0.52109375 0.021875 0.084375
3 0.4453125 0.53046875 0.0390625 0.0828125
2 0.053125 0.68984375 0.0609375 0.121875