2 0.61015625 0.3765625 0.04375 0.0609375
2 0.103125 0.5796875 0.0515625 0.1359375
2 0.565625 0.3828125 0.046875 0.0640625
2 0.66640625 0.36796875 0.040625 0.059375
2 0.15234375 0.4453125 0.0484375 0.053125
3 0.196875 0.521875 0.03125 0.0515625
2 0.63203125 0.3265625 0.0296875 0.0484375
2 0.703125 0.38359375 0.0390625 0.0578125
4 0.24921875 0.45546875 0.03125 0.0640625
4 0.19375 0.48671875 0.01875 0.04375
2 0.16328125 0.4 0.0546875 0.0546875
2 0.659375 0.2921875 0.0234375 0.0375
2 0.6890625 0.2390625 0.01875 0.0203125
2 0.703125 0.371875 0.0296875 0.0390625
2 0.665625 0.33203125 0.034375 0.04375
3 0.24921875 0.47578125 0.0359375 0.05
2 0.33828125 0.61015625 0.1109375 0.1296875
4 0.51796875 0.37734375 0.015625 0.0296875
4 0.82109375 0.44609375 0.0171875 0.0640625
4 0.99296875 0.52265625 0.0140625 0.0640625
2 0.61484375 0.93203125 0.1765625 0.1359375