2 0.1828125 0.6171875 0.06875 0.0921875
2 0.65078125 0.4390625 0.053125 0.13125
2 0.071875 0.559375 0.04375 0.0625
2 0.83359375 0.8953125 0.18125 0.2078125
2 0.16953125 0.52109375 0.0546875 0.0765625
2 0.06328125 0.68828125 0.0671875 0.178125
2 0.05234375 0.4796875 0.0421875 0.0609375
4 0.5234375 0.478125 0.0171875 0.0625
2 0.66875 0.33125 0.025 0.0421875
2 0.66328125 0.36640625 0.03125 0.0296875
2 0.79921875 0.51015625 0.0421875 0.0859375
4 0.4453125 0.496875 0.0140625 0.034375
2 0.74765625 0.36484375 0.034375 0.0609375
4 0.09609375 0.46484375 0.0140625 0.040625
4 0.725 0.52421875 0.0203125 0.0765625
4 0.74765625 0.50703125 0.01875 0.065625
4 0.60390625 0.9140625 0.0390625 0.171875
4 0.6703125 0.9296875 0.0328125 0.140625
4 0.80859375 0.68203125 0.0265625 0.1296875
4 0.9109375 0.79140625 0.0234375 0.121875
4 0.8828125 0.76875 0.0234375 0.0734375
4 0.5375 0.471875 0.01875 0.084375
4 0.48046875 0.45625 0.0203125 0.0765625
4 0.4265625 0.4671875 0.01875 0.078125
4 0.59765625 0.43359375 0.01875 0.06875
4 0.721875 0.709375 0.0265625 0.15
0 0.70390625 0.73828125 0.034375 0.1
0 0.53984375 0.390625 0.0203125 0.0484375
0 0.3875 0.41015625 0.0109375 0.0421875
2 0.4140625 0.7234375 0.1421875 0.1796875
0 0.15234375 0.4640625 0.0203125 0.0328125