2 0.68359375 0.74140625 0.165625 0.1828125
2 0.29296875 0.6625 0.153125 0.171875
2 0.27578125 0.4140625 0.0875 0.0890625
2 0.1625 0.4359375 0.084375 0.084375
2 0.53359375 0.2859375 0.0640625 0.0625
2 0.4140625 0.29296875 0.065625 0.06875
2 0.89765625 0.36015625 0.0484375 0.09375
2 0.8515625 0.3359375 0.0453125 0.1046875
2 0.878125 0.30390625 0.03125 0.0578125
2 0.89296875 0.27421875 0.028125 0.0421875
2 0.921875 0.2984375 0.028125 0.0515625
2 0.9640625 0.31953125 0.0328125 0.0546875
2 0.94921875 0.38515625 0.05 0.1125
4 0.9625 0.5359375 0.0234375 0.078125
4 0.74140625 0.3890625 0.021875 0.078125
4 0.60859375 0.32265625 0.0125 0.065625
4 0.59609375 0.3328125 0.0125 0.0546875
4 0.13515625 0.35703125 0.0140625 0.0515625
2 0.23359375 0.25078125 0.0359375 0.0578125
2 0.20390625 0.27734375 0.0359375 0.059375
2 0.70234375 0.2046875 0.0375 0.0453125