2 0.0765625 0.54453125 0.0578125 0.0953125
2 0.67578125 0.4203125 0.0453125 0.0765625
2 0.69296875 0.35546875 0.03125 0.0546875
0 0.43203125 0.51875 0.046875 0.0546875
2 0.2203125 0.39609375 0.065625 0.0625
2 0.68125 0.23046875 0.0171875 0.021875
2 0.6984375 0.2578125 0.0171875 0.021875
2 0.71015625 0.27421875 0.0203125 0.0296875
2 0.146875 0.434375 0.05 0.084375
4 0.428125 0.4921875 0.0171875 0.0640625
2 0.0875 0.38671875 0.034375 0.0375
0 0.04140625 0.37265625 0.0265625 0.0359375
2 0.53984375 0.91484375 0.1296875 0.1703125
2 0.50859375 0.53671875 0.0953125 0.215625
4 0.88671875 0.47734375 0.0125 0.071875
4 0.9 0.5078125 0.0125 0.0765625
4 0.78359375 0.44921875 0.0203125 0.0640625
4 0.72578125 0.43359375 0.0203125 0.06875