2 0.08203125 0.83359375 0.0671875 0.203125
2 0.28359375 0.7375 0.1078125 0.20625
2 0.42890625 0.61171875 0.1109375 0.14375
2 0.7125 0.63046875 0.1171875 0.14375
2 0.85234375 0.340625 0.040625 0.09375
2 0.0890625 0.61484375 0.0515625 0.1140625
2 0.1546875 0.56171875 0.0578125 0.10625
2 0.16484375 0.4859375 0.053125 0.0953125
2 0.0859375 0.503125 0.0453125 0.0625
2 0.07265625 0.44296875 0.04375 0.053125
1 0.02734375 0.46328125 0.0546875 0.159375
2 0.43671875 0.40859375 0.0625 0.0703125
2 0.55703125 0.40546875 0.059375 0.1484375
2 0.59609375 0.42265625 0.0390625 0.078125
2 0.6484375 0.43125 0.040625 0.0796875
2 0.7 0.43359375 0.034375 0.078125
2 0.62578125 0.3828125 0.034375 0.0703125
4 0.7640625 0.5078125 0.015625 0.0890625
4 0.83984375 0.47265625 0.0109375 0.065625
4 0.92578125 0.5265625 0.009375 0.0734375
4 0.95078125 0.5796875 0.0125 0.0875
4 0.34765625 0.409375 0.0171875 0.0703125
4 0.39375 0.44453125 0.0140625 0.0671875
2 0.59296875 0.31640625 0.028125 0.053125
2 0.6453125 0.33203125 0.0265625 0.0546875
2 0.66796875 0.38359375 0.03125 0.059375
2 0.7046875 0.384375 0.0265625 0.0546875