2 0.35078125 0.4359375 0.05625 0.125
4 0.2546875 0.73359375 0.0234375 0.1390625
4 0.328125 0.52890625 0.01875 0.0515625
4 0.44453125 0.390625 0.0203125 0.053125
2 0.83125 0.51875 0.0546875 0.071875
2 0.19765625 0.5015625 0.040625 0.0828125
2 0.253125 0.33671875 0.034375 0.096875
4 0.50546875 0.52890625 0.021875 0.0859375
2 0.33828125 0.3671875 0.0421875 0.05
4 0.27734375 0.4296875 0.015625 0.0671875
2 0.25078125 0.35546875 0.028125 0.0453125
4 0.23671875 0.721875 0.015625 0.1578125
4 0.2109375 0.63203125 0.0140625 0.103125
4 0.19296875 0.6171875 0.0234375 0.13125
4 0.24921875 0.4453125 0.0140625 0.0703125
4 0.475 0.52890625 0.0171875 0.1078125
4 0.5 0.521875 0.0140625 0.090625
4 0.5171875 0.5421875 0.0140625 0.075
4 0.57890625 0.42109375 0.015625 0.0796875
4 0.56328125 0.40859375 0.0109375 0.0609375
4 0.621875 0.51484375 0.0203125 0.0859375
0 0.565625 0.37265625 0.0234375 0.0328125
0 0.45859375 0.3921875 0.0171875 0.0375
0 0.33046875 0.578125 0.025 0.0703125