2 0.56015625 0.53984375 0.05625 0.1125
2 0.5296875 0.47109375 0.0546875 0.0890625
2 0.59765625 0.63984375 0.065625 0.1671875
2 0.609375 0.42109375 0.040625 0.08125
2 0.5875 0.359375 0.0515625 0.1109375
2 0.4359375 0.621875 0.1375 0.3265625
4 0.8609375 0.67109375 0.0203125 0.10625
4 0.8484375 0.54921875 0.0171875 0.0890625
4 0.93125 0.5671875 0.021875 0.0859375
4 0.9125 0.509375 0.015625 0.0703125
4 0.92734375 0.5078125 0.015625 0.0640625
4 0.75625 0.49453125 0.01875 0.0734375
4 0.365625 0.4453125 0.01875 0.0703125
4 0.390625 0.43671875 0.0171875 0.0671875
4 0.125 0.7234375 0.0265625 0.0828125
4 0.12421875 0.7546875 0.0203125 0.0703125
4 0.08203125 0.67265625 0.0140625 0.109375
4 0.06171875 0.67109375 0.0125 0.065625
4 0.07109375 0.66640625 0.0171875 0.0953125
4 0.0171875 0.575 0.0171875 0.084375
2 0.06953125 0.571875 0.04375 0.0953125
2 0.1171875 0.54609375 0.05625 0.090625
2 0.171875 0.4921875 0.0640625 0.0921875
2 0.04453125 0.52890625 0.0359375 0.0734375
2 0.12109375 0.465625 0.046875 0.0765625
2 0.090625 0.415625 0.0359375 0.05
2 0.47109375 0.75546875 0.0921875 0.19375
2 0.68671875 0.48828125 0.0421875 0.134375
2 0.65703125 0.4015625 0.0359375 0.0828125
2 0.7015625 0.36640625 0.03125 0.0625
2 0.634375 0.3609375 0.0265625 0.06875
2 0.85 0.3453125 0.0375 0.084375
2 0.68515625 0.303125 0.0265625 0.040625
2 0.5390625 0.3671875 0.0421875 0.0640625
2 0.45390625 0.40859375 0.0671875 0.0671875