2 0.478125 0.88515625 0.153125 0.2296875
2 0.18046875 0.840625 0.096875 0.240625
2 0.171875 0.53203125 0.0578125 0.1171875
2 0.40859375 0.3640625 0.0453125 0.0609375
2 0.6265625 0.459375 0.0828125 0.103125
2 0.34921875 0.32265625 0.040625 0.053125
2 0.28671875 0.321875 0.0359375 0.0515625
2 0.2296875 0.321875 0.034375 0.0515625
2 0.1671875 0.2984375 0.0265625 0.0421875
2 0.24921875 0.2921875 0.034375 0.0421875
2 0.03984375 0.31328125 0.0125 0.0265625
2 0.82421875 0.56640625 0.0890625 0.096875
2 0.678125 0.33203125 0.0390625 0.071875
2 0.7140625 0.32890625 0.05 0.1
2 0.75546875 0.3203125 0.028125 0.0578125
2 0.5921875 0.303125 0.046875 0.0484375
2 0.6515625 0.3 0.0484375 0.0421875
2 0.93125 0.27265625 0.015625 0.0453125
2 0.8125 0.25546875 0.0171875 0.0375
2 0.8375 0.25703125 0.021875 0.0390625
2 0.771875 0.2359375 0.0203125 0.034375
2 0.74296875 0.2453125 0.021875 0.0359375
2 0.753125 0.22578125 0.0125 0.03125
2 0.7359375 0.2234375 0.01875 0.0390625
2 0.70390625 0.22734375 0.03125 0.021875
2 0.6421875 0.196875 0.01875 0.03125
4 0.91796875 0.36328125 0.009375 0.05
4 0.5765625 0.3328125 0.009375 0.053125
4 0.58359375 0.33203125 0.009375 0.046875
4 0.503125 0.3453125 0.0109375 0.053125
4 0.48515625 0.34140625 0.0109375 0.05625
4 0.47734375 0.34609375 0.00625 0.0375