2 0.59375 0.63671875 0.1234375 0.165625
2 0.34921875 0.58359375 0.10625 0.121875
2 0.81171875 0.58828125 0.0828125 0.1125
2 0.6109375 0.41171875 0.040625 0.0875
2 0.2453125 0.6 0.1046875 0.1765625
2 0.575 0.40703125 0.0421875 0.0734375
2 0.634375 0.353125 0.03125 0.0515625
2 0.65703125 0.41875 0.0421875 0.078125
2 0.66953125 0.340625 0.03125 0.0265625
2 0.6515625 0.3171875 0.0234375 0.0234375
2 0.70546875 0.415625 0.034375 0.0796875
2 0.67734375 0.3359375 0.025 0.0234375
2 0.70390625 0.39375 0.028125 0.0390625
2 0.66796875 0.3609375 0.0296875 0.028125
2 0.70859375 0.34296875 0.028125 0.03125
2 0.6578125 0.3859375 0.0359375 0.040625
1 0.1 0.71875 0.11875 0.5125
2 0.0265625 0.49140625 0.0296875 0.0609375
2 0.4046875 0.4078125 0.08125 0.078125
2 0.85390625 0.484375 0.0328125 0.1140625
2 0.88203125 0.440625 0.0265625 0.0625
2 0.58671875 0.32109375 0.0265625 0.0484375
2 0.875 0.353125 0.021875 0.046875