4 0.5421875 0.4703125 0.01875 0.0828125
0 0.3703125 0.9546875 0.090625 0.090625
1 0.87734375 0.41328125 0.2453125 0.8265625
4 0.16875 0.52109375 0.053125 0.071875
4 0.6125 0.34296875 0.015625 0.046875
2 0.64453125 0.45546875 0.0515625 0.1015625
4 0.1578125 0.52265625 0.028125 0.05625
4 0.43671875 0.53203125 0.0390625 0.06875
2 0.74609375 0.36171875 0.0390625 0.0609375
4 0.18125 0.52109375 0.025 0.053125
0 0.434375 0.5484375 0.0390625 0.0390625
2 0.73359375 0.425 0.05 0.08125
4 0.48671875 0.7703125 0.0359375 0.1484375
4 0.4453125 0.6421875 0.015625 0.128125
4 0.7140625 0.6765625 0.0265625 0.128125
4 0.66484375 0.5859375 0.0234375 0.103125
4 0.81640625 0.64765625 0.0203125 0.11875
4 0.8921875 0.61796875 0.0203125 0.128125
4 0.715625 0.54296875 0.0234375 0.1
4 0.73828125 0.52421875 0.015625 0.1078125
4 0.63125 0.5015625 0.0203125 0.0921875
4 0.371875 0.48203125 0.015625 0.0796875
4 0.05390625 0.7921875 0.028125 0.109375
4 0.12109375 0.65625 0.0203125 0.103125