2 0.0953125 0.83359375 0.0796875 0.2984375
2 0.3015625 0.45546875 0.0625 0.14375
2 0.16875 0.2625 0.0390625 0.11875
2 0.215625 0.259375 0.03125 0.071875
2 0.1984375 0.209375 0.0234375 0.0515625
2 0.18359375 0.1734375 0.0203125 0.040625
2 0.15703125 0.16171875 0.015625 0.0375
2 0.16640625 0.13671875 0.015625 0.046875
4 0.1484375 0.596875 0.0328125 0.1296875
4 0.02734375 0.83046875 0.0359375 0.14375
4 0.63984375 0.7109375 0.028125 0.1328125
4 0.69453125 0.73515625 0.03125 0.1515625
4 0.74140625 0.6453125 0.0203125 0.121875
4 0.71796875 0.6515625 0.0234375 0.125
4 0.571875 0.6578125 0.0234375 0.128125
4 0.62265625 0.59765625 0.01875 0.1125
4 0.64375 0.584375 0.0203125 0.1265625
4 0.7796875 0.53984375 0.021875 0.1078125
4 0.5703125 0.57578125 0.025 0.1140625
4 0.3515625 0.41640625 0.021875 0.115625
4 0.25859375 0.3625 0.0109375 0.0890625
4 0.24765625 0.3234375 0.0109375 0.0796875
4 0.0640625 0.5140625 0.03125 0.0953125
4 0.04921875 0.615625 0.0265625 0.121875
4 0.0703125 0.6203125 0.0359375 0.096875
3 0.59453125 0.74453125 0.071875 0.1609375
0 0.4078125 0.484375 0.034375 0.0859375