2 0.66953125 0.3328125 0.028125 0.05
2 0.74609375 0.4578125 0.05 0.0875
2 0.64921875 0.44609375 0.0546875 0.1265625
4 0.53359375 0.4703125 0.0171875 0.0640625
2 0.16875 0.52578125 0.0578125 0.0765625
4 0.55390625 0.53046875 0.0234375 0.078125
2 0.6625 0.37109375 0.0296875 0.028125
4 0.6890625 0.38984375 0.0171875 0.0546875
4 0.35234375 0.5203125 0.021875 0.096875
4 0.46328125 0.53203125 0.03125 0.065625
4 0.47265625 0.478125 0.01875 0.05
4 0.5203125 0.53125 0.0234375 0.0671875
4 0.715625 0.39609375 0.015625 0.0578125
2 0.6546875 0.4171875 0.05 0.0859375
0 0.51875 0.55546875 0.03125 0.05625
4 0.6859375 0.61953125 0.021875 0.1203125
4 0.7046875 0.61015625 0.021875 0.1046875
4 0.77421875 0.64921875 0.0203125 0.10625
4 0.8421875 0.6828125 0.0203125 0.134375
4 0.89375 0.6203125 0.015625 0.115625
4 0.45078125 0.45703125 0.015625 0.078125
4 0.5984375 0.42421875 0.0140625 0.0734375
4 0.3296875 0.51484375 0.0171875 0.08125
4 0.24921875 0.5609375 0.0234375 0.0765625
2 0.1171875 0.57734375 0.046875 0.0875
4 0.021875 0.63984375 0.015625 0.0671875