2 0.625 0.52734375 0.103125 0.103125
2 0.75078125 0.58671875 0.0921875 0.121875
2 0.846875 0.4921875 0.065625 0.090625
2 0.8625 0.59453125 0.06875 0.134375
2 0.77109375 0.47421875 0.065625 0.0796875
2 0.3828125 0.3625 0.0359375 0.0546875
2 0.884375 0.446875 0.0671875 0.08125
2 0.9234375 0.5234375 0.0515625 0.1078125
2 0.97109375 0.4609375 0.0515625 0.0921875
2 0.921875 0.41015625 0.040625 0.05
2 0.2953125 0.3234375 0.0265625 0.0453125
2 0.30546875 0.3796875 0.0328125 0.0609375
2 0.35390625 0.38671875 0.0375 0.0671875
2 0.93984375 0.39453125 0.0328125 0.0609375
2 0.2875 0.2921875 0.0234375 0.03125
2 0.1703125 0.27265625 0.0140625 0.0234375
2 0.29296875 0.3390625 0.0328125 0.0375
2 0.1484375 0.25859375 0.015625 0.0265625
2 0.95625 0.39140625 0.059375 0.053125
0 0.828125 0.71953125 0.0453125 0.08125
0 0.52265625 0.4515625 0.021875 0.0453125
4 0.98203125 0.59140625 0.021875 0.0796875
4 0.2046875 0.4546875 0.0140625 0.059375
4 0.13046875 0.4640625 0.0109375 0.071875
4 0.08203125 0.49296875 0.01875 0.0671875
4 0.00546875 0.51953125 0.009375 0.0671875