2 0.08671875 0.6015625 0.0625 0.215625
2 0.1421875 0.5734375 0.0453125 0.1046875
2 0.14921875 0.4921875 0.04375 0.0875
2 0.3234375 0.70234375 0.1015625 0.2140625
2 0.25546875 0.8328125 0.103125 0.2109375
2 0.5265625 0.453125 0.075 0.0953125
2 0.64921875 0.4578125 0.08125 0.0921875
2 0.803125 0.5546875 0.08125 0.1125
2 0.95 0.4203125 0.0328125 0.071875
2 0.6296875 0.28984375 0.0421875 0.053125
2 0.67734375 0.27578125 0.0390625 0.0546875
2 0.70078125 0.35703125 0.040625 0.075
2 0.73828125 0.36640625 0.0421875 0.06875
2 0.725 0.2765625 0.0328125 0.04375
2 0.76015625 0.27421875 0.0265625 0.0359375
2 0.79140625 0.32265625 0.0234375 0.040625
2 0.81328125 0.30859375 0.01875 0.0390625
2 0.7296875 0.32265625 0.0265625 0.0375
2 0.7640625 0.30625 0.0265625 0.0453125
2 0.80390625 0.26328125 0.028125 0.0375
2 0.77109375 0.2328125 0.01875 0.0359375
2 0.7421875 0.2390625 0.025 0.0390625
2 0.75078125 0.2234375 0.0125 0.03125
2 0.7359375 0.21953125 0.0203125 0.0328125
2 0.70390625 0.2234375 0.03125 0.0328125
4 0.8296875 0.4421875 0.009375 0.06875
4 0.8359375 0.4390625 0.009375 0.05625
4 0.6609375 0.3234375 0.0125 0.0390625
0 0.6578125 0.3421875 0.0125 0.0359375
4 0.32109375 0.4828125 0.0265625 0.0578125
3 0.3234375 0.5015625 0.0515625 0.0671875
3 0.3859375 0.3296875 0.015625 0.0375
2 0.4046875 0.3609375 0.053125 0.05625
2 0.3046875 0.30078125 0.0375 0.05
2 0.2421875 0.315625 0.0375 0.05
2 0.1875 0.3 0.028125 0.0390625