2 0.734375 0.46328125 0.05625 0.1359375
2 0.61796875 0.38359375 0.065625 0.121875
2 0.66875 0.315625 0.0578125 0.08125
2 0.7515625 0.26875 0.04375 0.0546875
2 0.2328125 0.15078125 0.0171875 0.01875
2 0.83203125 0.20625 0.1140625 0.0484375
2 0.775 0.2078125 0.0421875 0.0375
4 0.98125 0.2328125 0.01875 0.0375
4 0.23984375 0.4046875 0.0203125 0.065625
2 0.24609375 0.14375 0.040625 0.0390625
4 0.18515625 0.40078125 0.0171875 0.0546875
2 0.8390625 0.7796875 0.1453125 0.3109375
2 0.7828125 0.2921875 0.0359375 0.0625
2 0.9828125 0.32421875 0.034375 0.0484375
2 0.046875 0.8109375 0.09375 0.1578125
2 0.040625 0.36640625 0.0375 0.078125
0 0.18515625 0.421875 0.034375 0.0515625
4 0.40234375 0.32265625 0.0203125 0.0625