2 0.73671875 0.68046875 0.10625 0.1296875
1 0.7859375 0.5390625 0.1046875 0.159375
1 0.653125 0.59296875 0.15625 0.1921875
2 0.96796875 0.67578125 0.0578125 0.1125
1 0.97265625 0.45390625 0.053125 0.1203125
2 0.35390625 0.44140625 0.053125 0.1203125
4 0.4921875 0.7015625 0.025 0.1109375
2 0.2609375 0.4703125 0.053125 0.0953125
4 0.29375 0.36953125 0.021875 0.0546875
2 0.84375 0.521875 0.0265625 0.071875
4 0.48359375 0.48046875 0.021875 0.0734375
2 0.33828125 0.3640625 0.03125 0.034375
2 0.9875 0.4984375 0.0234375 0.0546875
4 0.3484375 0.5828125 0.025 0.0828125
4 0.459375 0.7421875 0.03125 0.1203125
2 0.9078125 0.54453125 0.0984375 0.115625
4 0.4171875 0.4421875 0.0171875 0.0515625
4 0.959375 0.60546875 0.0171875 0.05625
2 0.33125 0.33203125 0.025 0.034375
2 0.203125 0.50859375 0.046875 0.0828125
2 0.25546875 0.3640625 0.03125 0.0625
2 0.34609375 0.4046875 0.046875 0.065625
4 0.56640625 0.41875 0.0125 0.0453125
4 0.83046875 0.46171875 0.0140625 0.040625
4 0.49609375 0.38125 0.0140625 0.0484375
2 0.05625 0.86171875 0.103125 0.2171875
4 0.4359375 0.740625 0.0203125 0.13125
4 0.34453125 0.69375 0.0265625 0.1296875
4 0.21796875 0.63515625 0.0296875 0.078125
3 0.2203125 0.68203125 0.0546875 0.09375
4 0.10625 0.61953125 0.01875 0.1140625
4 0.54296875 0.5484375 0.025 0.1078125
4 0.26015625 0.6046875 0.021875 0.109375
4 0.79765625 0.89375 0.0421875 0.171875
4 0.8015625 0.96015625 0.028125 0.0796875