2 0.55 0.91640625 0.225 0.1671875
2 0.559375 0.74453125 0.171875 0.175
2 0.16953125 0.52109375 0.0546875 0.075
1 0.3796875 0.59765625 0.15625 0.2265625
1 0.246875 0.5515625 0.109375 0.165625
2 0.653125 0.43671875 0.0546875 0.1203125
4 0.7015625 0.49453125 0.0203125 0.075
2 0.67109375 0.328125 0.028125 0.046875
4 0.6578125 0.57578125 0.0203125 0.0921875
1 0.18046875 0.87734375 0.1671875 0.2390625
4 0.7546875 0.97734375 0.0296875 0.0421875
2 0.0234375 0.6375 0.0375 0.096875
2 0.74921875 0.35703125 0.028125 0.0359375
2 0.66875 0.36328125 0.03125 0.0328125
4 0.56640625 0.34453125 0.0109375 0.03125
2 0.0578125 0.5484375 0.0984375 0.0796875
4 0.19765625 0.45234375 0.0125 0.0453125
2 0.64453125 0.46171875 0.05625 0.1015625
2 0.9125 0.8234375 0.175 0.303125
2 0.80390625 0.51015625 0.0515625 0.125
4 0.7109375 0.94609375 0.034375 0.1078125
4 0.5359375 0.4453125 0.015625 0.071875
4 0.8984375 0.6140625 0.028125 0.08125
4 0.68046875 0.48984375 0.0171875 0.090625