2 0.8640625 0.47421875 0.040625 0.075
2 0.91953125 0.8375 0.1109375 0.1984375
2 0.90390625 0.50078125 0.0390625 0.0890625
2 0.94140625 0.52578125 0.034375 0.0859375
2 0.92265625 0.44140625 0.028125 0.0703125
2 0.8828125 0.4296875 0.0296875 0.0546875
2 0.8953125 0.409375 0.028125 0.0578125
2 0.4921875 0.52265625 0.084375 0.125
2 0.515625 0.303125 0.05 0.059375
0 0.82734375 0.6328125 0.0375 0.0625
0 0.7703125 0.62890625 0.0375 0.0640625
4 0.90546875 0.55 0.0203125 0.0703125
4 0.92265625 0.56640625 0.0171875 0.0765625
4 0.9875 0.6328125 0.015625 0.0796875
4 0.59765625 0.37890625 0.015625 0.0640625
4 0.60234375 0.3609375 0.0109375 0.053125
4 0.575 0.37890625 0.0140625 0.059375
4 0.54765625 0.36875 0.0125 0.0625
4 0.5390625 0.36484375 0.0109375 0.0609375
4 0.521875 0.3609375 0.0125 0.06875
2 0.7640625 0.28828125 0.03125 0.0453125
2 0.28671875 0.66328125 0.0984375 0.1625
2 0.16953125 0.60546875 0.05625 0.1203125
2 0.34921875 0.42421875 0.0546875 0.0875
2 0.1828125 0.4765625 0.0375 0.0875
2 0.10859375 0.421875 0.0296875 0.053125
2 0.13984375 0.3765625 0.0265625 0.059375
2 0.096875 0.334375 0.0203125 0.04375
2 0.30234375 0.2953125 0.0390625 0.04375
2 0.2453125 0.2828125 0.034375 0.046875
2 0.18515625 0.2515625 0.0171875 0.034375
2 0.15 0.28359375 0.021875 0.040625
2 0.29609375 0.2234375 0.0234375 0.0265625
2 0.228125 0.23046875 0.0171875 0.0296875
2 0.25546875 0.23984375 0.0171875 0.0296875
2 0.28125 0.21328125 0.015625 0.0234375
2 0.246875 0.221875 0.015625 0.0296875
2 0.2640625 0.215625 0.015625 0.0296875
4 0.38515625 0.34921875 0.0109375 0.0515625
2 0.9078125 0.390625 0.021875 0.0453125
2 0.9390625 0.4171875 0.034375 0.06875
2 0.92734375 0.3625 0.0203125 0.0421875