2 0.84453125 0.70859375 0.0578125 0.1578125
2 0.57578125 0.41171875 0.040625 0.071875
4 0.01796875 0.59453125 0.0171875 0.0890625
4 0.7640625 0.51484375 0.0078125 0.0703125
4 0.778125 0.50078125 0.0125 0.078125
4 0.95625 0.66875 0.0125 0.0984375
4 0.3671875 0.4453125 0.015625 0.0703125
4 0.38984375 0.4375 0.01875 0.0703125
4 0.31875 0.39609375 0.015625 0.0625
2 0.07109375 0.57265625 0.046875 0.0984375
2 0.11875 0.5453125 0.0515625 0.0890625
2 0.17578125 0.49609375 0.05625 0.0984375
2 0.0453125 0.528125 0.034375 0.0671875
2 0.084375 0.50625 0.034375 0.0671875
2 0.1234375 0.46171875 0.04375 0.071875
2 0.0859375 0.446875 0.0359375 0.0578125
2 0.025 0.496875 0.0265625 0.053125
2 0.609375 0.409375 0.0359375 0.0984375
2 0.65625 0.40859375 0.0375 0.096875
2 0.70546875 0.4234375 0.0390625 0.0859375
2 0.709375 0.365625 0.0265625 0.0546875
2 0.59609375 0.3625 0.0265625 0.0484375
2 0.59609375 0.3171875 0.025 0.0609375
2 0.86484375 0.45078125 0.034375 0.08125
2 0.8 0.4140625 0.028125 0.084375