4 0.01875 0.7265625 0.0265625 0.109375
4 0.24140625 0.60859375 0.0203125 0.0984375
1 0.2734375 0.52265625 0.0171875 0.0890625
4 0.01640625 0.59140625 0.01875 0.0875
2 0.09140625 0.6 0.0484375 0.1125
2 0.14296875 0.534375 0.0546875 0.115625
2 0.290625 0.43828125 0.0765625 0.065625
2 0.05703125 0.540625 0.0375 0.0859375
2 0.090625 0.5125 0.0421875 0.0703125
2 0.15234375 0.46875 0.0578125 0.0734375
2 0.10625 0.4546875 0.0390625 0.059375
2 0.0546875 0.46875 0.0328125 0.0546875
2 0.03203125 0.5125 0.03125 0.0625
2 0.06875 0.43515625 0.0328125 0.0515625
2 0.04609375 0.425 0.028125 0.040625
2 0.5609375 0.390625 0.0578125 0.1359375
2 0.596875 0.4265625 0.040625 0.090625
2 0.696875 0.4296875 0.028125 0.0796875
2 0.709375 0.3640625 0.021875 0.0625
2 0.65 0.43046875 0.0328125 0.0828125
2 0.62421875 0.37734375 0.028125 0.0734375
2 0.6671875 0.378125 0.028125 0.0703125
2 0.675 0.34609375 0.025 0.05625
2 0.65 0.32578125 0.0234375 0.0515625
2 0.6828125 0.32265625 0.028125 0.0484375
2 0.8171875 0.49140625 0.034375 0.084375
2 0.95703125 0.57109375 0.0671875 0.1828125
2 0.8421875 0.4046875 0.028125 0.0703125
2 0.78984375 0.36640625 0.0265625 0.0546875
2 0.8171875 0.35859375 0.0234375 0.0578125
2 0.85234375 0.37421875 0.025 0.0625
2 0.875 0.3515625 0.01875 0.046875
2 0.86171875 0.33203125 0.0203125 0.0390625
2 0.80703125 0.3109375 0.015625 0.0453125
2 0.825 0.30546875 0.0171875 0.03125
2 0.77890625 0.309375 0.0171875 0.0453125
2 0.790625 0.290625 0.01875 0.0375
2 0.846875 0.2625 0.0140625 0.0328125
2 0.81328125 0.28203125 0.0171875 0.0328125
2 0.671875 0.27890625 0.0234375 0.034375
2 0.71640625 0.28125 0.0140625 0.0421875
2 0.8609375 0.86015625 0.0765625 0.1984375
2 0.946875 0.85078125 0.078125 0.209375