2 0.6640625 0.7140625 0.115625 0.140625
2 0.34765625 0.43984375 0.0546875 0.1296875
2 0.22265625 0.8234375 0.184375 0.1828125
2 0.83203125 0.51953125 0.0546875 0.0734375
2 0.33671875 0.3640625 0.034375 0.03125
4 0.534375 0.49140625 0.01875 0.0484375
2 0.33046875 0.32421875 0.0265625 0.046875
2 0.2515625 0.36171875 0.0359375 0.0625
4 0.26328125 0.32890625 0.0171875 0.046875
4 0.5484375 0.4921875 0.0140625 0.040625
4 0.25390625 0.33046875 0.034375 0.0546875
4 0.39375 0.91015625 0.0359375 0.1765625
4 0.33125 0.93203125 0.0328125 0.1359375
4 0.18984375 0.6703125 0.0265625 0.1265625
4 0.1375 0.725 0.01875 0.128125
4 0.1125 0.72578125 0.0203125 0.140625
4 0.3125 0.65078125 0.0203125 0.121875
4 0.25390625 0.56953125 0.0234375 0.1125
4 0.2734375 0.46953125 0.0171875 0.0859375
0 0.328125 0.68515625 0.0203125 0.0984375
0 0.6125 0.409375 0.0125 0.040625
4 0.5078125 0.42734375 0.0171875 0.075
4 0.25234375 0.46796875 0.015625 0.0796875
1 0.8265625 0.775 0.3046875 0.45