2 0.34765625 0.4390625 0.0546875 0.128125
2 0.33671875 0.36328125 0.0328125 0.0328125
2 0.203125 0.515625 0.046875 0.10625
4 0.49765625 0.4203125 0.0140625 0.05
2 0.8296875 0.51875 0.053125 0.075
2 0.33046875 0.328125 0.0234375 0.0390625
4 0.409375 0.35 0.015625 0.04375
2 0.3296875 0.34765625 0.03125 0.0546875
4 0.4671875 0.74921875 0.03125 0.14375
4 0.5203125 0.46015625 0.015625 0.0546875
1 0.20546875 0.31640625 0.1046875 0.2
2 0.2484375 0.3390625 0.0328125 0.1015625
4 0.59921875 0.4453125 0.00625 0.059375
4 0.90859375 0.425 0.0140625 0.0359375
4 0.09609375 0.84296875 0.0265625 0.159375
4 0.47109375 0.9203125 0.04375 0.15
4 0.56171875 0.734375 0.0234375 0.1453125
4 0.4875 0.64921875 0.025 0.0828125
0 0.49140625 0.70859375 0.0359375 0.0890625
4 0.19375 0.62421875 0.015625 0.128125
4 0.22421875 0.60625 0.0234375 0.1125
4 0.47578125 0.52265625 0.021875 0.0953125
4 0.5 0.5375 0.0203125 0.09375
4 0.51484375 0.5375 0.01875 0.0890625
4 0.5578125 0.42578125 0.0125 0.065625
4 0.31015625 0.41640625 0.015625 0.06875
4 0.75625 0.490625 0.01875 0.0734375
4 0.97890625 0.71015625 0.0265625 0.0875
4 0.39296875 0.90859375 0.034375 0.1640625