4 0.225 0.55390625 0.0296875 0.1171875
4 0.39453125 0.26640625 0.0140625 0.04375
4 0.24375 0.2609375 0.0171875 0.05
4 0.14921875 0.34296875 0.0203125 0.0671875
4 0.246875 0.2640625 0.0296875 0.0640625
4 0.475 0.15703125 0.0171875 0.0296875
4 0.2484375 0.540625 0.0203125 0.1203125
4 0.0265625 0.51796875 0.0234375 0.0796875
0 0.03125 0.56015625 0.0453125 0.0671875
4 0.0421875 0.42578125 0.0203125 0.0734375
4 0.16953125 0.36875 0.01875 0.0765625
2 0.65625 0.5390625 0.121875 0.1640625
2 0.8359375 0.57265625 0.140625 0.2234375
2 0.67734375 0.471875 0.10625 0.1203125