2 0.4671875 0.61640625 0.134375 0.1328125
2 0.24296875 0.51875 0.0765625 0.1203125
2 0.575 0.40546875 0.04375 0.0671875
2 0.6125 0.40703125 0.0390625 0.0859375
2 0.6546875 0.41015625 0.046875 0.0921875
2 0.634375 0.35390625 0.034375 0.059375
2 0.59375 0.3515625 0.0296875 0.040625
2 0.70546875 0.4171875 0.0375 0.08125
2 0.70546875 0.3921875 0.025 0.0359375
2 0.859375 0.5359375 0.053125 0.1046875
2 0.70703125 0.3671875 0.0296875 0.0453125
2 0.67109375 0.34765625 0.0390625 0.04375
2 0.159375 0.43203125 0.0515625 0.0421875
2 0.08359375 0.75234375 0.05 0.153125
2 0.1890625 0.63359375 0.065625 0.15
2 0.51640625 0.37265625 0.0609375 0.075
2 0.83671875 0.36171875 0.0265625 0.0640625
2 0.8109375 0.30859375 0.0203125 0.05625
2 0.740625 0.5953125 0.103125 0.1328125
1 0.05859375 0.50546875 0.1171875 0.209375
4 0.365625 0.434375 0.015625 0.0609375
4 0.31953125 0.38515625 0.0140625 0.05625
4 0.3578125 0.48359375 0.021875 0.075
2 0.14921875 0.48046875 0.05625 0.075