4 0.9609375 0.81875 0.025 0.1265625
4 0.7765625 0.55625 0.015625 0.08125
4 0.765625 0.525 0.0125 0.0796875
4 0.68046875 0.52890625 0.0171875 0.065625
4 0.63203125 0.44609375 0.01875 0.0765625
4 0.66640625 0.415625 0.0078125 0.0640625
4 0.39375 0.496875 0.01875 0.0875
4 0.234375 0.49140625 0.0125 0.0859375
4 0.228125 0.496875 0.0109375 0.0796875
4 0.20546875 0.4921875 0.0140625 0.06875
4 0.11328125 0.56015625 0.0203125 0.08125
4 0.0953125 0.39609375 0.009375 0.0515625
2 0.12421875 0.38359375 0.0375 0.090625
2 0.1796875 0.3265625 0.0234375 0.0578125
2 0.165625 0.48359375 0.0359375 0.0921875
2 0.30390625 0.45625 0.0375 0.090625
2 0.35546875 0.446875 0.040625 0.0953125
2 0.40234375 0.41796875 0.0421875 0.0828125
2 0.4453125 0.39765625 0.0578125 0.1390625
2 0.375 0.37734375 0.028125 0.06875
2 0.33515625 0.38203125 0.03125 0.0703125
2 0.29453125 0.39375 0.0359375 0.0546875
2 0.38359375 0.32578125 0.028125 0.05
2 0.39375 0.29453125 0.0203125 0.0453125
2 0.58359375 0.41484375 0.078125 0.0734375
2 0.825 0.490625 0.0609375 0.090625
2 0.88359375 0.53671875 0.059375 0.09375
2 0.93984375 0.5515625 0.046875 0.0984375
2 0.7890625 0.43828125 0.0625 0.053125
2 0.9015625 0.4203125 0.0390625 0.0453125
2 0.97734375 0.4265625 0.0328125 0.05625
2 0.94453125 0.40078125 0.028125 0.0515625