4 0.2703125 0.56171875 0.0296875 0.0921875
4 0.746875 0.75078125 0.0390625 0.1265625
4 0.303125 0.61640625 0.0265625 0.125
4 0.259375 0.56796875 0.021875 0.0875
4 0.7171875 0.4171875 0.0265625 0.071875
4 0.3546875 0.42578125 0.021875 0.1015625
4 0.3890625 0.42109375 0.0234375 0.09375
4 0.68359375 0.753125 0.0375 0.146875
2 0.0703125 0.71015625 0.075 0.2328125
2 0.084375 0.9171875 0.1234375 0.165625
4 0.08359375 0.49609375 0.025 0.0859375
4 0.30859375 0.340625 0.0171875 0.0671875
4 0.246875 0.27734375 0.0171875 0.0640625