2 0.1703125 0.51796875 0.053125 0.075
2 0.05546875 0.8109375 0.075 0.1609375
2 0.65 0.4390625 0.05625 0.121875
4 0.7546875 0.38046875 0.01875 0.05
4 0.69609375 0.47421875 0.0234375 0.090625
2 0.66875 0.359375 0.0328125 0.040625
4 0.56171875 0.5828125 0.028125 0.1171875
2 0.803125 0.50546875 0.0421875 0.0859375
4 0.584375 0.43671875 0.0171875 0.04375
4 0.4875 0.33828125 0.0109375 0.046875
2 0.7546875 0.27265625 0.0203125 0.034375
4 0.55390625 0.4578125 0.0171875 0.0625
4 0.40625 0.39453125 0.0109375 0.0609375
4 0.85859375 0.68671875 0.0203125 0.1203125
4 0.84375 0.6765625 0.0171875 0.1140625
4 0.7984375 0.596875 0.0203125 0.109375
4 0.75390625 0.6015625 0.0171875 0.1
4 0.7453125 0.56171875 0.015625 0.0953125
4 0.70234375 0.5640625 0.01875 0.1109375
4 0.73125 0.428125 0.0125 0.0640625
4 0.71328125 0.43203125 0.0125 0.065625
4 0.52421875 0.5875 0.0203125 0.09375
4 0.484375 0.540625 0.015625 0.0828125
4 0.4390625 0.55390625 0.021875 0.10625
4 0.42265625 0.4953125 0.0203125 0.09375
4 0.51640625 0.48828125 0.0140625 0.0828125
4 0.5125 0.42890625 0.015625 0.04375
4 0.503125 0.46953125 0.015625 0.0578125
4 0.33359375 0.440625 0.0125 0.0703125
4 0.25703125 0.4671875 0.0171875 0.0625
4 0.084375 0.63046875 0.028125 0.09375
2 0.81328125 0.40390625 0.0703125 0.0765625
4 0.50078125 0.5296875 0.0125 0.0859375