2 0.1359375 0.47421875 0.040625 0.075
2 0.08046875 0.8375 0.1109375 0.1984375
2 0.09609375 0.50078125 0.0390625 0.0890625
2 0.05859375 0.52578125 0.034375 0.0859375
2 0.07734375 0.44140625 0.028125 0.0703125
2 0.1171875 0.4296875 0.0296875 0.0546875
2 0.1046875 0.409375 0.028125 0.0578125
2 0.5078125 0.52265625 0.084375 0.125
2 0.484375 0.303125 0.05 0.059375
0 0.17265625 0.6328125 0.0375 0.0625
0 0.2296875 0.62890625 0.0375 0.0640625
4 0.09453125 0.55 0.0203125 0.0703125
4 0.07734375 0.56640625 0.0171875 0.0765625
4 0.0125 0.6328125 0.015625 0.0796875
4 0.40234375 0.37890625 0.015625 0.0640625
4 0.39765625 0.3609375 0.0109375 0.053125
4 0.425 0.37890625 0.0140625 0.059375
4 0.45234375 0.36875 0.0125 0.0625
4 0.4609375 0.36484375 0.0109375 0.0609375
4 0.478125 0.3609375 0.0125 0.06875
2 0.2359375 0.28828125 0.03125 0.0453125
2 0.71328125 0.66328125 0.0984375 0.1625
2 0.83046875 0.60546875 0.0578125 0.1203125
2 0.65078125 0.42421875 0.0546875 0.0875
2 0.8171875 0.4765625 0.0375 0.0875
2 0.89140625 0.421875 0.0296875 0.053125
2 0.86015625 0.3765625 0.0265625 0.059375
2 0.903125 0.334375 0.0203125 0.04375
2 0.69765625 0.2953125 0.040625 0.04375
2 0.7546875 0.2828125 0.034375 0.046875
2 0.81484375 0.2515625 0.0171875 0.034375
2 0.85 0.28359375 0.021875 0.040625
2 0.70390625 0.2234375 0.0234375 0.0265625
2 0.771875 0.23046875 0.0171875 0.0296875
2 0.74453125 0.23984375 0.01875 0.0296875
2 0.71875 0.21328125 0.015625 0.0234375
2 0.753125 0.221875 0.015625 0.0296875
2 0.7359375 0.215625 0.0171875 0.0296875
4 0.61484375 0.34921875 0.0109375 0.0515625
2 0.0921875 0.390625 0.021875 0.0453125
2 0.0609375 0.4171875 0.034375 0.06875
2 0.07265625 0.3625 0.0203125 0.0421875