2 0.43984375 0.53984375 0.05625 0.1125
2 0.4703125 0.47109375 0.0546875 0.0890625
2 0.40234375 0.63984375 0.065625 0.1671875
2 0.390625 0.42109375 0.040625 0.08125
2 0.4125 0.359375 0.0515625 0.1109375
2 0.5640625 0.621875 0.1375 0.3265625
4 0.1390625 0.67109375 0.0203125 0.10625
4 0.1515625 0.54921875 0.0171875 0.0890625
4 0.06875 0.5671875 0.0203125 0.0859375
4 0.0875 0.509375 0.0140625 0.0703125
4 0.07265625 0.5078125 0.015625 0.0640625
4 0.24375 0.49453125 0.01875 0.0734375
4 0.634375 0.4453125 0.01875 0.0703125
4 0.609375 0.43671875 0.0171875 0.0671875
4 0.875 0.7234375 0.0265625 0.0828125
4 0.87578125 0.7546875 0.0203125 0.0703125
4 0.91796875 0.67265625 0.0140625 0.109375
4 0.93828125 0.67109375 0.0125 0.065625
4 0.92890625 0.66640625 0.0171875 0.0953125
4 0.9828125 0.575 0.0171875 0.084375
2 0.93046875 0.571875 0.04375 0.0953125
2 0.8828125 0.54609375 0.05625 0.090625
2 0.828125 0.4921875 0.0640625 0.0921875
2 0.95546875 0.52890625 0.0359375 0.0734375
2 0.87890625 0.465625 0.046875 0.0765625
2 0.909375 0.415625 0.0359375 0.05
2 0.52890625 0.75546875 0.0921875 0.19375
2 0.31328125 0.48828125 0.0421875 0.134375
2 0.34296875 0.4015625 0.0359375 0.0828125
2 0.2984375 0.36640625 0.03125 0.0625
2 0.365625 0.3609375 0.0265625 0.06875
2 0.15 0.3453125 0.0375 0.084375
2 0.31484375 0.303125 0.025 0.040625
2 0.4609375 0.3671875 0.0421875 0.0640625
2 0.54609375 0.40859375 0.0671875 0.0671875