4 0.08828125 0.59140625 0.01875 0.0859375
4 0.12734375 0.54765625 0.0140625 0.09375
4 0.1390625 0.5109375 0.0078125 0.0828125
4 0.0921875 0.54765625 0.01875 0.0671875
4 0.4171875 0.3640625 0.0109375 0.0546875
4 0.4265625 0.37421875 0.0109375 0.059375
2 0.0984375 0.49453125 0.0390625 0.0796875
2 0.0484375 0.49609375 0.0359375 0.1046875
2 0.08046875 0.44453125 0.0265625 0.0625
2 0.11015625 0.415625 0.0328125 0.0546875
2 0.07578125 0.37890625 0.021875 0.0359375
2 0.0359375 0.39296875 0.0203125 0.0375
2 0.0453125 0.36640625 0.0140625 0.0390625
2 0.07578125 0.34921875 0.0234375 0.0390625
2 0.0390625 0.34140625 0.01875 0.0390625
2 0.05 0.31796875 0.0171875 0.0359375
4 0.971875 0.6265625 0.0203125 0.090625
2 0.81640625 0.6375 0.0609375 0.121875
2 0.55234375 0.409375 0.059375 0.0921875
2 0.690625 0.334375 0.0546875 0.0984375
2 0.7421875 0.32421875 0.0328125 0.0578125
2 0.81328125 0.25234375 0.021875 0.034375
2 0.83671875 0.25625 0.025 0.040625
2 0.77109375 0.23359375 0.0203125 0.0484375
2 0.74140625 0.23984375 0.0203125 0.0359375
2 0.75078125 0.2234375 0.0203125 0.0328125
2 0.734375 0.21796875 0.01875 0.0296875
2 0.715625 0.2171875 0.01875 0.0296875
2 0.7015625 0.22578125 0.028125 0.03125
2 0.52734375 0.30546875 0.05625 0.05625
2 0.3671875 0.3125 0.04375 0.046875