2 0.5328125 0.63671875 0.1328125 0.1515625
2 0.3484375 0.43984375 0.0546875 0.1296875
4 0.3109375 0.459375 0.021875 0.06875
2 0.25390625 0.4640625 0.05625 0.1015625
2 0.2515625 0.3625 0.0328125 0.0625
2 0.3328125 0.3671875 0.034375 0.0390625
4 0.38671875 0.51328125 0.0234375 0.0859375
4 0.5421875 0.43359375 0.0140625 0.04375
2 0.32890625 0.32890625 0.028125 0.05
4 0.55859375 0.52734375 0.0328125 0.0796875
0 0.35703125 0.8015625 0.046875 0.115625
4 0.35703125 0.73359375 0.034375 0.09375
4 0.1796875 0.82109375 0.0296875 0.1484375
4 0.19765625 0.625 0.025 0.1234375
4 0.2640625 0.5765625 0.01875 0.11875
4 0.45546875 0.6296875 0.0203125 0.1265625
4 0.46484375 0.5375 0.0140625 0.1
3 0.5578125 0.52734375 0.03125 0.0640625
4 0.93984375 0.7625 0.028125 0.1125
4 0.8765625 0.6890625 0.0203125 0.103125
4 0.75 0.57890625 0.0203125 0.0890625
4 0.47890625 0.3984375 0.0125 0.071875