2 0.64921875 0.4359375 0.05625 0.125
4 0.7453125 0.73359375 0.0234375 0.1390625
4 0.671875 0.52890625 0.01875 0.0515625
4 0.55546875 0.390625 0.0203125 0.053125
2 0.16875 0.51875 0.053125 0.071875
2 0.80234375 0.5015625 0.040625 0.0828125
2 0.746875 0.33671875 0.034375 0.096875
4 0.49453125 0.52890625 0.0203125 0.0859375
2 0.66171875 0.3671875 0.0421875 0.05
4 0.72265625 0.4296875 0.015625 0.0671875
2 0.74921875 0.35546875 0.028125 0.0453125
4 0.76328125 0.721875 0.015625 0.1578125
4 0.7890625 0.63203125 0.0140625 0.103125
4 0.80703125 0.6171875 0.0234375 0.13125
4 0.75078125 0.4453125 0.0125 0.0703125
4 0.525 0.52890625 0.0171875 0.1078125
4 0.5 0.521875 0.0140625 0.090625
4 0.4828125 0.5421875 0.0140625 0.075
4 0.42109375 0.42109375 0.0171875 0.0796875
4 0.43671875 0.40859375 0.0109375 0.0609375
4 0.378125 0.51484375 0.0203125 0.0859375
0 0.434375 0.37265625 0.025 0.0328125
0 0.54140625 0.3921875 0.0171875 0.0375
0 0.66953125 0.578125 0.0265625 0.0703125