2 0.9671875 0.78359375 0.0625 0.153125
2 0.8859375 0.7375 0.0796875 0.1484375
2 0.2078125 0.7875 0.171875 0.2078125
2 0.34921875 0.43671875 0.05625 0.125
2 0.3375 0.36328125 0.03125 0.034375
2 0.25234375 0.4484375 0.05625 0.090625
4 0.63984375 0.6578125 0.028125 0.125
4 0.46796875 0.434375 0.0203125 0.0640625
4 0.77265625 0.4625 0.0171875 0.05
2 0.32734375 0.33828125 0.0390625 0.071875
2 0.25234375 0.3640625 0.0359375 0.0609375
2 0.1984375 0.5078125 0.0421875 0.0875
4 0.740625 0.46875 0.0140625 0.0390625
2 0.828125 0.5140625 0.0421875 0.0796875
4 0.43359375 0.4046875 0.015625 0.046875
4 0.2765625 0.640625 0.0265625 0.075
4 0.51328125 0.37578125 0.0109375 0.046875
4 0.4078125 0.3921875 0.015625 0.0578125
2 0.7828125 0.64921875 0.0984375 0.128125
0 0.4859375 0.55 0.028125 0.0703125
4 0.4859375 0.5125 0.0203125 0.065625
4 0.29140625 0.61796875 0.01875 0.1046875
4 0.3046875 0.60234375 0.0203125 0.109375
3 0.35234375 0.63203125 0.0515625 0.0890625
3 0.4203125 0.61796875 0.04375 0.1046875
4 0.28671875 0.47734375 0.015625 0.096875
4 0.371875 0.5796875 0.01875 0.0859375
4 0.42734375 0.5 0.0203125 0.08125
4 0.10625 0.61484375 0.015625 0.1125
4 0.9234375 0.60078125 0.025 0.075