3 0.771875 0.8265625 0.05 0.15625
3 0.4078125 0.75234375 0.0703125 0.1828125
0 0.82734375 0.7453125 0.0328125 0.15625
4 0.83125 0.71640625 0.0296875 0.1171875
0 0.59296875 0.48359375 0.0390625 0.0953125
4 0.546875 0.58984375 0.0234375 0.1328125
4 0.52265625 0.56953125 0.01875 0.1296875
4 0.53828125 0.48515625 0.015625 0.1140625
4 0.69296875 0.4109375 0.03125 0.1015625
4 0.94765625 0.57109375 0.021875 0.1171875
4 0.8984375 0.6390625 0.0171875 0.0984375
4 0.88515625 0.6546875 0.025 0.1140625
4 0.86328125 0.6390625 0.0171875 0.1265625
4 0.87578125 0.54765625 0.015625 0.1
4 0.89453125 0.56328125 0.0234375 0.08125
4 0.8546875 0.415625 0.0171875 0.0703125
4 0.9796875 0.86953125 0.034375 0.146875
1 0.83046875 0.24609375 0.0484375 0.1578125
2 0.78515625 0.24453125 0.0375 0.065625
2 0.8046875 0.19375 0.021875 0.053125
2 0.86875 0.21015625 0.034375 0.04375