2 0.3359375 0.7140625 0.115625 0.140625
2 0.65234375 0.43984375 0.0546875 0.1296875
2 0.77734375 0.8234375 0.184375 0.1828125
2 0.16796875 0.51953125 0.0546875 0.0734375
2 0.66328125 0.3640625 0.034375 0.03125
4 0.465625 0.49140625 0.01875 0.0484375
2 0.66953125 0.32421875 0.0265625 0.046875
2 0.7484375 0.36171875 0.0359375 0.0625
4 0.73671875 0.32890625 0.0171875 0.046875
4 0.4515625 0.4921875 0.0140625 0.040625
4 0.74609375 0.33046875 0.034375 0.0546875
4 0.60625 0.91015625 0.0359375 0.1765625
4 0.66875 0.93203125 0.0328125 0.1359375
4 0.81015625 0.6703125 0.0265625 0.1265625
4 0.8625 0.725 0.01875 0.128125
4 0.8875 0.72578125 0.0203125 0.140625
4 0.6875 0.65078125 0.0203125 0.121875
4 0.74609375 0.56953125 0.0234375 0.1125
4 0.7265625 0.46953125 0.0171875 0.0859375
0 0.671875 0.68515625 0.0203125 0.0984375
0 0.3875 0.409375 0.0125 0.040625
4 0.4921875 0.42734375 0.0171875 0.075
4 0.74765625 0.46796875 0.015625 0.0796875
1 0.1734375 0.775 0.3046875 0.45