4 0.91171875 0.59140625 0.01875 0.0859375
4 0.87265625 0.54765625 0.0140625 0.09375
4 0.8609375 0.5109375 0.0078125 0.0828125
4 0.9078125 0.54765625 0.01875 0.0671875
4 0.5828125 0.3640625 0.0109375 0.0546875
4 0.5734375 0.37421875 0.0109375 0.059375
2 0.9015625 0.49453125 0.0390625 0.0796875
2 0.9515625 0.49609375 0.0359375 0.1046875
2 0.91953125 0.44453125 0.0265625 0.0625
2 0.88984375 0.415625 0.0328125 0.0546875
2 0.92421875 0.37890625 0.021875 0.0359375
2 0.9640625 0.39296875 0.0203125 0.0375
2 0.9546875 0.36640625 0.0140625 0.0390625
2 0.92421875 0.34921875 0.0234375 0.0390625
2 0.9609375 0.34140625 0.01875 0.0390625
2 0.95 0.31796875 0.0171875 0.0359375
4 0.028125 0.6265625 0.0203125 0.090625
2 0.18359375 0.6375 0.0609375 0.121875
2 0.44765625 0.409375 0.059375 0.0921875
2 0.309375 0.334375 0.0546875 0.0984375
2 0.2578125 0.32421875 0.0328125 0.0578125
2 0.18671875 0.25234375 0.021875 0.034375
2 0.16328125 0.25625 0.025 0.040625
2 0.22890625 0.23359375 0.0203125 0.0484375
2 0.25859375 0.23984375 0.0203125 0.0359375
2 0.24921875 0.2234375 0.0203125 0.0328125
2 0.265625 0.21796875 0.01875 0.0296875
2 0.284375 0.2171875 0.01875 0.0296875
2 0.2984375 0.22578125 0.028125 0.03125
2 0.47265625 0.30546875 0.05625 0.05625
2 0.6328125 0.3125 0.04375 0.046875