2 0.61171875 0.41015625 0.040625 0.0875
2 0.57421875 0.40703125 0.0421875 0.071875
4 0.00546875 0.5484375 0.0078125 0.0671875
2 0.090625 0.60859375 0.0515625 0.125
2 0.1375 0.55859375 0.0609375 0.1
2 0.240625 0.5265625 0.0765625 0.1125
2 0.0484375 0.53515625 0.0390625 0.0796875
2 0.1296875 0.4671875 0.046875 0.075
2 0.42265625 0.41015625 0.06875 0.0625
2 0.65390625 0.4109375 0.0359375 0.090625
2 0.70234375 0.42421875 0.0328125 0.0796875
2 0.63203125 0.371875 0.0328125 0.078125
2 0.59453125 0.3625 0.028125 0.0640625
2 0.6765625 0.334375 0.0234375 0.05625
2 0.0859375 0.5 0.0421875 0.06875
2 0.08359375 0.4375 0.034375 0.053125
4 0.57109375 0.55 0.01875 0.096875
4 0.8296875 0.5203125 0.0125 0.078125
4 0.86171875 0.515625 0.0109375 0.075
4 0.85234375 0.55234375 0.0140625 0.0828125