4 0.7296875 0.56171875 0.0296875 0.0921875
4 0.253125 0.75078125 0.0390625 0.1265625
4 0.696875 0.61640625 0.0265625 0.125
4 0.740625 0.56796875 0.021875 0.0875
4 0.2828125 0.4171875 0.0265625 0.071875
4 0.6453125 0.42578125 0.021875 0.1015625
4 0.6109375 0.42109375 0.0234375 0.09375
4 0.31640625 0.753125 0.0375 0.146875
2 0.9296875 0.71015625 0.075 0.2328125
2 0.915625 0.9171875 0.1234375 0.165625
4 0.91640625 0.49609375 0.025 0.0859375
4 0.69140625 0.340625 0.0171875 0.0671875
4 0.753125 0.27734375 0.0171875 0.0640625