2 0.08671875 0.55078125 0.05 0.0921875
2 0.6890625 0.44296875 0.04375 0.08125
2 0.60625 0.3953125 0.040625 0.0578125
2 0.665625 0.36640625 0.0421875 0.0578125
2 0.625 0.45078125 0.046875 0.08125
2 0.703125 0.3515625 0.0359375 0.0625
4 0.1359375 0.4375 0.0203125 0.0515625
2 0.8390625 0.26953125 0.0234375 0.0203125
4 0.84921875 0.49140625 0.0171875 0.05
4 0.23359375 0.4578125 0.0640625 0.09375
2 0.62890625 0.3421875 0.03125 0.0453125
2 0.8140625 0.2828125 0.0171875 0.0234375
2 0.66875 0.35078125 0.040625 0.0453125
2 0.68046875 0.35859375 0.0703125 0.065625
2 0.6703125 0.33046875 0.0265625 0.0234375
0 0.09453125 0.6484375 0.04375 0.0796875
2 0.81328125 0.30234375 0.0234375 0.046875
4 0.89765625 0.48359375 0.0109375 0.0484375
2 0.68203125 0.3046875 0.0265625 0.028125
4 0.090625 0.61875 0.0234375 0.0765625
4 0.33515625 0.46640625 0.0171875 0.0640625
4 0.41875 0.48359375 0.021875 0.0453125
0 0.41953125 0.5171875 0.040625 0.0546875
4 0.96953125 0.51953125 0.021875 0.065625