2 0.190625 0.76640625 0.11875 0.196875
2 0.4734375 0.53828125 0.0859375 0.1453125
2 0.62734375 0.76953125 0.1171875 0.1828125
2 0.81328125 0.51171875 0.053125 0.125
2 0.87890625 0.4578125 0.0375 0.090625
2 0.85390625 0.38515625 0.0296875 0.0578125
2 0.90546875 0.3671875 0.028125 0.053125
2 0.8796875 0.32421875 0.025 0.0609375
2 0.8109375 0.30859375 0.0296875 0.0546875
2 0.81171875 0.24375 0.021875 0.0375
2 0.9078125 0.29609375 0.0125 0.0421875
2 0.05546875 0.51796875 0.0328125 0.084375
2 0.09375 0.4921875 0.034375 0.08125
2 0.1328125 0.4703125 0.0359375 0.0625
2 0.115625 0.43125 0.034375 0.05
2 0.0765625 0.4359375 0.0359375 0.0671875
2 0.103125 0.40625 0.0296875 0.053125
2 0.07109375 0.359375 0.021875 0.034375
2 0.059375 0.40859375 0.0328125 0.0546875
2 0.37109375 0.30625 0.04375 0.0609375
2 0.61875 0.3 0.0484375 0.046875
2 0.69375 0.28828125 0.0390625 0.05
2 0.7578125 0.27109375 0.0234375 0.0390625
2 0.740625 0.23828125 0.0171875 0.0328125
2 0.77109375 0.23046875 0.01875 0.0328125
2 0.70234375 0.2203125 0.0265625 0.03125
2 0.7515625 0.21796875 0.0125 0.034375
2 0.7328125 0.21640625 0.0203125 0.0328125
2 0.71640625 0.2125 0.0203125 0.0328125
4 0.04375 0.47890625 0.0125 0.0421875
4 0.0625 0.5703125 0.0234375 0.0703125
4 0.415625 0.3484375 0.009375 0.053125
4 0.42421875 0.3671875 0.0125 0.0609375
4 0.44296875 0.365625 0.0125 0.05625
4 0.46875 0.3515625 0.00625 0.05
4 0.478125 0.353125 0.0109375 0.0609375
4 0.50859375 0.35546875 0.0171875 0.0578125
4 0.6140625 0.3484375 0.0140625 0.05625
4 0.85390625 0.70703125 0.025 0.084375
0 0.8515625 0.75703125 0.03125 0.0984375