2 0.41875 0.5 0.121875 0.1171875
2 0.23828125 0.2765625 0.0375 0.05
2 0.92421875 0.29765625 0.028125 0.04375
0 0.6984375 0.43125 0.05 0.0625
2 0.83125 0.1390625 0.0171875 0.0234375
2 0.159375 0.25625 0.05 0.0640625
2 0.1171875 0.2359375 0.040625 0.04375
2 0.12890625 0.2390625 0.028125 0.0359375
2 0.10859375 0.228125 0.0296875 0.0375
2 0.11484375 0.27890625 0.021875 0.0390625
4 0.25703125 0.2078125 0.0109375 0.028125
2 0.740625 0.46796875 0.090625 0.1484375
2 0.10234375 0.3390625 0.0296875 0.0625
2 0.1171875 0.27734375 0.025 0.0609375
2 0.08125 0.28125 0.025 0.0765625
2 0.20546875 0.28671875 0.0515625 0.0828125
4 0.70546875 0.40859375 0.015625 0.053125
0 0.97734375 0.57265625 0.0390625 0.05625
4 0.984375 0.546875 0.0203125 0.05
4 0.78046875 0.37265625 0.0171875 0.0703125