2 0.91640625 0.6765625 0.16640625 0.31796875
4 0.18671875 0.7015625 0.03671875 0.15078125
4 0.35859375 0.64921875 0.02890625 0.1234375
4 0.80390625 0.353125 0.01796875 0.07890625
4 0.82578125 0.3546875 0.01796875 0.07109375
4 0.8671875 0.33515625 0.0109375 0.05390625
4 0.68203125 0.95390625 0.034375 0.084375
2 0.77890625 0.64921875 0.1546875 0.25
4 0.646875 0.8875 0.0390625 0.171875
4 0.30234375 0.6046875 0.02109375 0.1203125
4 0.32734375 0.60859375 0.03359375 0.1328125
4 0.37734375 0.365625 0.01796875 0.08359375
4 0.39296875 0.375 0.0125 0.08203125
4 0.05546875 0.40859375 0.02109375 0.084375
4 0.075 0.40703125 0.02265625 0.07578125