2 0.32578125 0.6296875 0.1015625 0.1375
2 0.3546875 0.37734375 0.0625 0.075
2 0.8703125 0.396875 0.040625 0.08125
2 0.26015625 0.30390625 0.034375 0.0453125
4 0.60859375 0.35234375 0.015625 0.0546875
2 0.8984375 0.43515625 0.034375 0.0671875
2 0.934375 0.45859375 0.0328125 0.0640625
2 0.09453125 0.32421875 0.021875 0.0375
2 0.2609375 0.23359375 0.0203125 0.028125
2 0.11015625 0.296875 0.01875 0.034375
2 0.0390625 0.3453125 0.021875 0.0375
2 0.07265625 0.303125 0.0171875 0.034375
2 0.94453125 0.42734375 0.0296875 0.05625
2 0.92890625 0.39140625 0.0234375 0.0390625
2 0.9375 0.3625 0.0203125 0.03125
2 0.9 0.365625 0.028125 0.04375
4 0.3921875 0.26171875 0.009375 0.040625
2 0.95703125 0.3625 0.021875 0.03125
2 0.9203125 0.4109375 0.0234375 0.046875
4 0.50859375 0.30859375 0.0109375 0.04375
2 0.72734375 0.27578125 0.025 0.0296875
2 0.08828125 0.26640625 0.0171875 0.0328125
3 0.05 0.43046875 0.028125 0.0515625
1 0.65625 0.275 0.128125 0.0640625
1 0.9578125 0.32421875 0.034375 0.0546875