2 0.1515625 0.6140625 0.059375 0.1296875
2 0.06171875 0.684375 0.0734375 0.1796875
2 0.38984375 0.3765625 0.0375 0.0625
2 0.84609375 0.428125 0.05625 0.059375
2 0.7828125 0.3921875 0.0484375 0.04375
2 0.9078125 0.509375 0.04375 0.103125
2 0.91640625 0.39453125 0.0390625 0.0484375
2 0.165625 0.4015625 0.0359375 0.0625
2 0.95 0.471875 0.053125 0.0890625
2 0.6234375 0.38046875 0.075 0.0625
2 0.31171875 0.378125 0.0328125 0.059375
2 0.08046875 0.4296875 0.0484375 0.109375
2 0.3015625 0.34140625 0.028125 0.0421875
2 0.35078125 0.3828125 0.0359375 0.065625
4 0.28828125 0.44453125 0.015625 0.0734375
4 0.32734375 0.41171875 0.0140625 0.0546875
4 0.9921875 0.5046875 0.015625 0.065625
2 0.3421875 0.3359375 0.028125 0.040625
4 0.50390625 0.41171875 0.0140625 0.059375
2 0.3625 0.31953125 0.0265625 0.04375
3 0.853125 0.51015625 0.021875 0.075
4 0.3859375 0.4078125 0.0125 0.0484375
2 0.49375 0.3453125 0.0546875 0.0546875
4 0.484375 0.4140625 0.0125 0.05625
4 0.38984375 0.41171875 0.0125 0.046875
0 0.915625 0.61015625 0.0265625 0.096875
4 0.48828125 0.41171875 0.0140625 0.05625