2 0.9234375 0.59765625 0.0625 0.1171875
2 0.19765625 0.45546875 0.0609375 0.071875
2 0.09765625 0.55625 0.053125 0.109375
2 0.0703125 0.49765625 0.04375 0.0953125
2 0.6046875 0.365625 0.0390625 0.05625
2 0.08203125 0.434375 0.0390625 0.0640625
2 0.8171875 0.4625 0.0421875 0.0828125
2 0.63046875 0.3203125 0.028125 0.04375
2 0.11875 0.40859375 0.040625 0.05
2 0.1359375 0.475 0.0515625 0.0890625
4 0.69921875 0.4703125 0.0171875 0.08125
2 0.696875 0.38203125 0.0359375 0.0625
2 0.86875 0.40625 0.0375 0.0625
2 0.66484375 0.35234375 0.034375 0.078125
2 0.82890625 0.3359375 0.025 0.0453125
4 0.6234375 0.4390625 0.015625 0.065625
2 0.04765625 0.4640625 0.03125 0.05625
2 0.784375 0.3140625 0.0203125 0.0390625
2 0.87578125 0.3265625 0.025 0.0359375
2 0.89921875 0.38125 0.0375 0.08125
2 0.81015625 0.29765625 0.0203125 0.0359375
4 0.4921875 0.3875 0.015625 0.059375
2 0.6765625 0.31015625 0.0265625 0.034375
2 0.703125 0.34296875 0.034375 0.05
2 0.2375 0.38046875 0.0703125 0.0625
2 0.71171875 0.284375 0.0203125 0.04375
4 0.02578125 0.5109375 0.015625 0.0625
2 0.04609375 0.4078125 0.0359375 0.0546875
2 0.55390625 0.33125 0.0390625 0.046875
2 0.7 0.359375 0.0375 0.0609375
2 0.075 0.375 0.0390625 0.053125
2 0.9046875 0.89921875 0.09375 0.0828125
3 0.14765625 0.53671875 0.0265625 0.0828125
0 0.29921875 0.3890625 0.0265625 0.05625
0 0.76484375 0.41953125 0.0328125 0.0671875