2 0.2328125 0.6140625 0.08125 0.125
2 0.1625 0.38359375 0.0390625 0.0640625
2 0.7234375 0.290625 0.0390625 0.0375
2 0.8578125 0.42265625 0.0375 0.065625
2 0.909375 0.4515625 0.0359375 0.071875
2 0.103125 0.36015625 0.0265625 0.05
2 0.91015625 0.340625 0.028125 0.059375
2 0.26640625 0.28515625 0.0296875 0.04375
2 0.9234375 0.41796875 0.028125 0.053125
0 0.484375 0.3078125 0.0171875 0.05
2 0.09921875 0.29765625 0.0203125 0.0421875
4 0.590625 0.36484375 0.0125 0.0484375
2 0.4234375 0.2859375 0.0515625 0.04375
4 0.8171875 0.45078125 0.0140625 0.059375
2 0.26015625 0.23671875 0.0203125 0.03125
4 0.953125 0.35859375 0.0109375 0.034375
2 0.88046875 0.3984375 0.028125 0.0484375
4 0.85390625 0.49140625 0.015625 0.065625
2 0.040625 0.34296875 0.0171875 0.0359375
4 0.85625 0.475 0.015625 0.0578125
2 0.2765625 0.221875 0.0234375 0.0296875
2 0.01484375 0.64296875 0.0296875 0.0921875