2 0.61484375 0.44453125 0.06171875 0.0859375
4 0.39140625 0.10234375 0.0125 0.04453125
4 0.5078125 0.2078125 0.0125 0.040625
2 0.3234375 0.709375 0.0796875 0.09765625
4 0.259375 0.09140625 0.01015625 0.03515625
2 0.24140625 0.66640625 0.084375 0.08828125
0 0.08828125 0.36875 0.025 0.065625
4 0.13125 0.58828125 0.04765625 0.0796875
4 0.5125 0.33515625 0.0234375 0.0546875
4 0.2875 0.309375 0.01484375 0.04921875
4 0.02890625 0.1734375 0.009375 0.02890625
4 0.35625 0.1109375 0.01015625 0.0390625
2 0.7796875 0.1875 0.01875 0.03828125
2 0.846875 0.60390625 0.0453125 0.115625
2 0.59609375 0.81953125 0.1015625 0.1046875
2 0.49609375 0.70078125 0.08671875 0.10859375
2 0.5640625 0.55625 0.06484375 0.0875
2 0.5015625 0.52734375 0.07265625 0.09453125
2 0.44140625 0.63203125 0.08984375 0.10625
2 0.36328125 0.6078125 0.08671875 0.0953125
2 0.36015625 0.7703125 0.09140625 0.10703125
2 0.3671875 0.9484375 0.09765625 0.103125
2 0.20234375 0.8296875 0.1 0.1
2 0.1796875 0.9421875 0.0953125 0.103125
2 0.17578125 0.76484375 0.07734375 0.090625
2 0.1359375 0.715625 0.0828125 0.09375
2 0.0734375 0.8046875 0.08125 0.0921875
2 0.07265625 0.8796875 0.0796875 0.0890625
4 0.69453125 0.540625 0.015625 0.04453125
4 0.91796875 0.66875 0.01796875 0.04453125