2 0.5328125 0.84609375 0.1875 0.2296875
2 0.3390625 0.55 0.0875 0.16875
2 0.228125 0.33984375 0.040625 0.06875
2 0.0140625 0.33125 0.028125 0.09375
2 0.059375 0.21640625 0.021875 0.0421875
2 0.07578125 0.31953125 0.0359375 0.0546875
2 0.2796875 0.425 0.05625 0.09375
2 0.33125 0.85859375 0.1625 0.28125
2 0.084375 0.2453125 0.021875 0.0390625
2 0.1640625 0.2078125 0.01875 0.0359375
2 0.91171875 0.62578125 0.1765625 0.246875
2 0.45546875 0.5046875 0.1265625 0.246875
2 0.24921875 0.70703125 0.096875 0.209375
2 0.04140625 0.64140625 0.0828125 0.1765625
2 0.21953125 0.56328125 0.071875 0.1515625
2 0.321875 0.378125 0.0515625 0.0796875