2 0.1578125 0.5640625 0.0515625 0.1109375
2 0.77890625 0.44765625 0.0703125 0.0890625
2 0.853125 0.4640625 0.053125 0.071875
2 0.125 0.47265625 0.0453125 0.090625
2 0.1921875 0.40859375 0.03125 0.06875
2 0.68671875 0.3859375 0.0625 0.059375
0 0.73828125 0.52265625 0.03125 0.0890625
2 0.9109375 0.49609375 0.0390625 0.0875
2 0.8953125 0.4390625 0.0359375 0.0546875
2 0.38125 0.36015625 0.034375 0.078125
2 0.17890625 0.31796875 0.0234375 0.04375
2 0.3390625 0.340625 0.03125 0.05625
2 0.21171875 0.31953125 0.021875 0.04375
2 0.15390625 0.359375 0.028125 0.05
2 0.43203125 0.3515625 0.040625 0.0703125
2 0.328125 0.309375 0.025 0.046875
2 0.29921875 0.3671875 0.0296875 0.0875
2 0.13515625 0.3390625 0.0375 0.0859375
2 0.92578125 0.41953125 0.028125 0.04375
4 0.4390625 0.4140625 0.0125 0.0609375
2 0.290625 0.31015625 0.0203125 0.0328125
2 0.9359375 0.4578125 0.034375 0.05625
2 0.41171875 0.296875 0.0234375 0.040625
2 0.29609375 0.253125 0.015625 0.0375
2 0.190625 0.28046875 0.0171875 0.0296875
4 0.9828125 0.6203125 0.01875 0.078125
4 0.96875 0.590625 0.0171875 0.0765625
3 0.478125 0.375 0.0171875 0.059375
4 0.60546875 0.38359375 0.0140625 0.0515625
3 0.728125 0.69609375 0.059375 0.134375