2 0.13984375 0.67421875 0.0671875 0.1609375
2 0.80234375 0.45703125 0.0625 0.071875
2 0.9015625 0.55859375 0.0546875 0.1109375
2 0.06328125 0.55 0.0515625 0.0984375
2 0.928125 0.4953125 0.0421875 0.0890625
2 0.91875 0.43359375 0.0390625 0.0640625
2 0.12890625 0.4796875 0.0421875 0.0734375
2 0.1875 0.43984375 0.034375 0.0703125
2 0.3359375 0.353125 0.034375 0.08125
2 0.8609375 0.4765625 0.053125 0.0875
2 0.1640625 0.4046875 0.03125 0.0609375
2 0.025 0.821875 0.05 0.1921875
2 0.18046875 0.3375 0.025 0.0484375
2 0.8828125 0.40859375 0.040625 0.05
2 0.13359375 0.32890625 0.0359375 0.0625
2 0.21640625 0.3171875 0.021875 0.04375
2 0.45234375 0.3234375 0.0421875 0.06875
2 0.39765625 0.36875 0.0359375 0.0640625
2 0.17734375 0.30546875 0.028125 0.046875
2 0.378125 0.33828125 0.0296875 0.0546875
2 0.09609375 0.40546875 0.0375 0.0953125
2 0.30390625 0.384375 0.0296875 0.0640625
2 0.290625 0.309375 0.025 0.04375
2 0.321875 0.29375 0.021875 0.034375
2 0.2984375 0.353125 0.03125 0.046875
4 0.321875 0.41875 0.015625 0.065625
2 0.1921875 0.28828125 0.0171875 0.034375
2 0.95390625 0.4109375 0.0375 0.0609375
2 0.3703125 0.32890625 0.028125 0.053125
2 0.29296875 0.328125 0.025 0.0328125
2 0.85234375 0.5328125 0.0265625 0.071875
4 0.95859375 0.55 0.021875 0.0734375
4 0.64296875 0.36640625 0.0109375 0.0578125
4 0.26015625 0.48046875 0.0140625 0.0765625
4 0.2421875 0.46171875 0.009375 0.0703125