2 0.08984375 0.45078125 0.0375 0.06875
2 0.14765625 0.4359375 0.040625 0.0609375
2 0.1046875 0.36171875 0.03125 0.0625
3 0.346875 0.37890625 0.034375 0.05
4 0.7421875 0.33203125 0.0109375 0.05
2 0.1203125 0.3984375 0.0296875 0.05
4 0.7078125 0.31796875 0.0109375 0.040625
2 0.07734375 0.415625 0.0296875 0.0484375
2 0.95859375 0.3453125 0.01875 0.0421875
2 0.0703125 0.384375 0.025 0.0421875
2 0.05859375 0.35234375 0.0203125 0.0359375
4 0.43359375 0.32734375 0.0140625 0.04375
4 0.4140625 0.36484375 0.0140625 0.0484375
2 0.84453125 0.253125 0.01875 0.0375
2 0.06640625 0.31796875 0.0171875 0.0296875
2 0.05390625 0.4484375 0.028125 0.0484375
2 0.7390625 0.23515625 0.0203125 0.03125
4 0.609375 0.2625 0.0109375 0.0421875
2 0.7234375 0.221875 0.0234375 0.0296875
3 0.05546875 0.47734375 0.0203125 0.0609375