2 0.16328125 0.4859375 0.059375 0.0796875
2 0.96015625 0.759375 0.0796875 0.190625
2 0.84453125 0.5859375 0.0671875 0.1546875
2 0.06015625 0.48203125 0.0453125 0.0734375
2 0.11328125 0.51328125 0.0515625 0.0859375
2 0.56640625 0.34765625 0.0578125 0.0921875
2 0.4015625 0.371875 0.0703125 0.0625
2 0.6765625 0.3890625 0.034375 0.0640625
2 0.6078125 0.359375 0.0359375 0.0578125
2 0.6484375 0.2984375 0.0234375 0.040625
2 0.16875 0.43984375 0.05625 0.059375
4 0.7859375 0.44296875 0.015625 0.0703125
4 0.66328125 0.4328125 0.015625 0.0703125
2 0.65625 0.36015625 0.034375 0.0578125
2 0.0390625 0.453125 0.03125 0.05625
0 0.50234375 0.38984375 0.03125 0.059375
2 0.09296875 0.39765625 0.03125 0.0359375
2 0.3015625 0.37890625 0.040625 0.053125
4 0.57265625 0.4265625 0.0140625 0.0625
2 0.67890625 0.30390625 0.0234375 0.0359375
2 0.87734375 0.321875 0.0203125 0.040625
2 0.66875 0.32890625 0.0296875 0.0421875
2 0.67734375 0.26015625 0.0203125 0.0328125
2 0.1703125 0.390625 0.0515625 0.040625
4 0.64921875 0.42421875 0.0125 0.065625
2 0.7125 0.25234375 0.0171875 0.0328125
2 0.0703125 0.384375 0.028125 0.0359375