2 0.45078125 0.50234375 0.078125 0.134375
2 0.73515625 0.60234375 0.078125 0.1375
2 0.09765625 0.55703125 0.05625 0.1140625
2 0.415625 0.87890625 0.1390625 0.240625
2 0.19765625 0.45625 0.059375 0.0734375
2 0.6046875 0.48359375 0.0546875 0.0984375
2 0.0703125 0.496875 0.04375 0.09375
2 0.65703125 0.35390625 0.03125 0.0546875
2 0.56640625 0.4359375 0.0546875 0.0828125
2 0.2484375 0.39140625 0.0546875 0.0515625
2 0.67890625 0.43125 0.0390625 0.08125
2 0.60703125 0.38046875 0.0375 0.0609375
2 0.10390625 0.4484375 0.0453125 0.0796875
2 0.55859375 0.3625 0.0578125 0.1046875
2 0.63046875 0.315625 0.034375 0.0515625
4 0.83125 0.43359375 0.0140625 0.0578125
2 0.7078125 0.3265625 0.028125 0.04375
2 0.6734375 0.30546875 0.0265625 0.040625
2 0.6953125 0.3796875 0.03125 0.0578125
2 0.6515625 0.29140625 0.0203125 0.040625
4 0.9203125 0.4765625 0.0171875 0.0734375
4 0.85390625 0.45703125 0.0171875 0.059375
2 0.7125 0.28515625 0.0203125 0.040625
2 0.8265625 0.26015625 0.0265625 0.059375
4 0.96953125 0.515625 0.01875 0.0734375
4 0.00703125 0.5171875 0.0140625 0.0578125
2 0.68125 0.2796875 0.0203125 0.03125
0 0.3890625 0.4765625 0.0390625 0.0859375