2 0.86171875 0.6671875 0.071875 0.1640625
2 0.91875 0.615625 0.0609375 0.1140625
2 0.19609375 0.44375 0.05625 0.0671875
2 0.0984375 0.5015625 0.046875 0.0796875
2 0.571875 0.3578125 0.0359375 0.0625
2 0.28515625 0.3875 0.0609375 0.0515625
2 0.13828125 0.47421875 0.0515625 0.075
2 0.63515625 0.37578125 0.0359375 0.0625
2 0.08828125 0.43203125 0.0390625 0.059375
2 0.93984375 0.53125 0.0515625 0.096875
2 0.81875 0.4546875 0.0390625 0.084375
2 0.56171875 0.31640625 0.0328125 0.0453125
2 0.84296875 0.34765625 0.028125 0.0484375
2 0.06328125 0.4671875 0.0421875 0.0671875
4 0.5203125 0.47890625 0.0171875 0.06875
2 0.703125 0.36015625 0.0296875 0.0546875
4 0.61328125 0.45703125 0.015625 0.0765625
2 0.03125 0.44375 0.034375 0.0578125
2 0.78984375 0.32890625 0.0234375 0.0453125
4 0.6734375 0.42734375 0.01875 0.0609375
4 0.63984375 0.4390625 0.0109375 0.065625
2 0.6828125 0.28515625 0.0203125 0.0375
4 0.459375 0.4203125 0.0171875 0.0515625
2 0.8109375 0.30546875 0.0234375 0.0421875
2 0.4390625 0.36328125 0.065625 0.0515625
2 0.7078125 0.32265625 0.0234375 0.034375
2 0.421875 0.36953125 0.034375 0.0484375
4 0.534375 0.41640625 0.01875 0.059375
4 0.50390625 0.3828125 0.015625 0.0515625