2 0.515625 0.35390625 0.0609375 0.05625
2 0.1421875 0.715625 0.078125 0.1796875
2 0.125 0.5046875 0.0484375 0.1
2 0.08359375 0.659375 0.0640625 0.125
2 0.8765625 0.45703125 0.053125 0.06875
2 0.18984375 0.43046875 0.0328125 0.071875
2 0.90859375 0.50703125 0.04375 0.1
2 0.06484375 0.5734375 0.059375 0.103125
2 0.1875 0.35859375 0.0296875 0.0578125
2 0.43203125 0.35703125 0.0390625 0.05625
2 0.390625 0.375 0.0390625 0.0671875
2 0.84296875 0.43125 0.0578125 0.0625
2 0.31484375 0.3796875 0.0296875 0.05625
2 0.11875 0.43828125 0.0375 0.065625
2 0.03203125 0.87890625 0.0640625 0.2046875
2 0.153125 0.36953125 0.028125 0.046875
2 0.07578125 0.42890625 0.0421875 0.109375
2 0.35078125 0.38203125 0.034375 0.06875
2 0.94765625 0.471875 0.0453125 0.0796875
2 0.2140625 0.32890625 0.0234375 0.04375
2 0.96015625 0.3546875 0.025 0.0359375
2 0.30234375 0.34140625 0.0265625 0.046875
4 0.32734375 0.41796875 0.0140625 0.0578125
2 0.15859375 0.32890625 0.021875 0.0390625
2 0.96640625 0.403125 0.03125 0.0484375
2 0.340625 0.3328125 0.028125 0.0453125
4 0.7875 0.46796875 0.0140625 0.0640625
2 0.9875 0.42421875 0.025 0.0578125
2 0.18828125 0.3 0.0203125 0.046875
4 0.9765625 0.53203125 0.015625 0.06875
4 0.44453125 0.40625 0.0125 0.059375
2 0.6921875 0.39375 0.0625 0.0515625
2 0.32734375 0.2953125 0.0203125 0.0390625
2 0.31484375 0.27734375 0.01875 0.034375
0 0.9140625 0.61484375 0.025 0.09375
2 0.16953125 0.284375 0.0171875 0.03125
2 0.29296875 0.31171875 0.0234375 0.0421875
2 0.890625 0.3984375 0.040625 0.05
2 0.11875 0.3484375 0.0328125 0.075
2 0.00703125 0.76953125 0.0140625 0.11875
4 0.96015625 0.53125 0.0140625 0.06875
2 0.1765625 0.26171875 0.015625 0.03125
4 0.6921875 0.3515625 0.0171875 0.040625
2 0.38046875 0.3390625 0.028125 0.04375
3 0.853125 0.5125 0.0203125 0.065625