2 0.090625 0.85 0.0890625 0.184375
2 0.84296875 0.4921875 0.0578125 0.096875
2 0.56875 0.35078125 0.0421875 0.0765625
2 0.08046875 0.50859375 0.05 0.090625
2 0.1046875 0.41015625 0.0390625 0.05625
2 0.82421875 0.38984375 0.03125 0.0609375
2 0.03984375 0.43515625 0.034375 0.0546875
2 0.6203125 0.35703125 0.0359375 0.0765625
4 0.6453125 0.41328125 0.015625 0.0625
2 0.7 0.3765625 0.0359375 0.0625
2 0.03125 0.3796875 0.028125 0.046875
2 0.66171875 0.34375 0.0328125 0.0484375
4 0.45546875 0.3890625 0.015625 0.053125
2 0.8625 0.32578125 0.03125 0.04375
2 0.825 0.3078125 0.021875 0.0375
4 0.78125 0.42734375 0.0125 0.0609375
4 0.7125 0.43828125 0.015625 0.071875
2 0.7046875 0.3390625 0.0328125 0.03125
4 0.5203125 0.36953125 0.015625 0.046875
4 0.55703125 0.41875 0.0171875 0.065625
2 0.63359375 0.28125 0.0203125 0.034375
2 0.7078125 0.31875 0.0265625 0.028125
2 0.00859375 0.3609375 0.0171875 0.040625
2 0.8203125 0.2734375 0.015625 0.0265625
4 0.765625 0.478125 0.0125 0.065625
2 0.63828125 0.315625 0.025 0.0390625
1 0.3546875 0.48203125 0.3515625 0.2375