2 0.44765625 0.61015625 0.090625 0.159375
2 0.234375 0.6703125 0.0953125 0.1828125
2 0.50390625 0.45703125 0.06875 0.121875
2 0.42265625 0.41640625 0.046875 0.0765625
2 0.8828125 0.5 0.0578125 0.0953125
2 0.91484375 0.540625 0.0421875 0.09375
2 0.30625 0.40078125 0.0359375 0.0703125
2 0.35234375 0.38671875 0.0375 0.075
2 0.8828125 0.42890625 0.071875 0.103125
2 0.934375 0.4890625 0.040625 0.0828125
2 0.79609375 0.45078125 0.096875 0.096875
2 0.4546875 0.33359375 0.040625 0.046875
2 0.2921875 0.34453125 0.0265625 0.05
4 0.72109375 0.46171875 0.0140625 0.065625
2 0.390625 0.36171875 0.034375 0.059375
4 0.7015625 0.478125 0.0171875 0.0703125
4 0.1765625 0.44453125 0.0125 0.0609375
2 0.3671875 0.32578125 0.0265625 0.046875
4 0.83046875 0.5328125 0.015625 0.065625
2 0.4078125 0.33515625 0.0328125 0.05
4 0.09375 0.4921875 0.015625 0.0640625
2 0.990625 0.40859375 0.01875 0.0671875
4 0.06328125 0.48984375 0.015625 0.0625
2 0.33359375 0.34296875 0.03125 0.0625
4 0.73359375 0.35703125 0.0125 0.046875
4 0.15234375 0.45234375 0.0125 0.059375
2 0.37265625 0.2875 0.021875 0.034375
4 0.07578125 0.4578125 0.0125 0.0578125
4 0.98828125 0.5359375 0.0140625 0.0625
0 0.8515625 0.85234375 0.0625 0.1453125
2 0.3109375 0.28671875 0.0234375 0.046875
4 0.7890625 0.51171875 0.015625 0.065625
2 0.45078125 0.38515625 0.0359375 0.059375
2 0.76875 0.46328125 0.0421875 0.06875
4 0.12890625 0.47265625 0.015625 0.065625