2 0.50625 0.54296875 0.08125 0.13125
2 0.096875 0.5578125 0.0546875 0.1125
2 0.07109375 0.496875 0.04375 0.0953125
2 0.2 0.45625 0.059375 0.0734375
2 0.08125 0.43359375 0.04375 0.0640625
2 0.62734375 0.328125 0.03125 0.0515625
2 0.13828125 0.47578125 0.0515625 0.090625
2 0.69765625 0.371875 0.034375 0.0703125
4 0.36796875 0.3765625 0.015625 0.059375
2 0.1609375 0.38984375 0.0453125 0.040625
2 0.04609375 0.4671875 0.0328125 0.065625
4 0.79453125 0.434375 0.0140625 0.0640625
2 0.021875 0.43671875 0.0390625 0.0640625
4 0.4515625 0.4 0.0171875 0.059375
0 0.38515625 0.475 0.0453125 0.078125
2 0.6890625 0.30546875 0.025 0.046875
2 0.8765625 0.325 0.021875 0.0453125
4 0.3171875 0.3828125 0.0125 0.0546875
0 0.746875 0.484375 0.040625 0.06875
4 0.284375 0.36328125 0.0125 0.0453125
3 0.14765625 0.53359375 0.0265625 0.0734375
0 0.7609375 0.4296875 0.03125 0.06875