2 0.30625 0.6484375 0.08359375 0.1015625
2 0.64140625 0.6328125 0.0953125 0.09921875
2 0.3921875 0.61171875 0.09921875 0.10859375
2 0.12734375 0.57890625 0.05703125 0.1265625
2 0.8453125 0.55 0.05625 0.06640625
2 0.7328125 0.590625 0.08203125 0.08515625
2 0.09453125 0.40078125 0.0234375 0.034375
2 0.1484375 0.48046875 0.03671875 0.053125
2 0.83515625 0.6984375 0.125 0.18203125
2 0.0859375 0.5140625 0.0328125 0.053125
2 0.23984375 0.5109375 0.05078125 0.06171875
4 0.06953125 0.6921875 0.0140625 0.08125
4 0.12890625 0.78125 0.03125 0.14375
4 0.15859375 0.8 0.03046875 0.13828125
4 0.10703125 0.79453125 0.02578125 0.1265625
2 0.671875 0.9375 0.1796875 0.125