2 0.53984375 0.74453125 0.1328125 0.1359375
2 0.61015625 0.61171875 0.10859375 0.121875
2 0.15625 0.55234375 0.05078125 0.06640625
2 0.1640625 0.69921875 0.12421875 0.1828125
2 0.2390625 0.88125 0.1765625 0.13359375
2 0.71484375 0.6 0.09140625 0.11484375
2 0.79296875 0.5921875 0.07109375 0.1703125
2 0.67890625 0.5421875 0.06875 0.0609375
2 0.75703125 0.50859375 0.04140625 0.05546875
2 0.853125 0.5171875 0.02890625 0.03984375
2 0.740625 0.90703125 0.22890625 0.10234375
2 0.284375 0.65390625 0.0953125 0.1125