2 0.37890625 0.7984375 0.140625 0.23125
2 0.09765625 0.5578125 0.0578125 0.1125
2 0.55078125 0.4890625 0.0640625 0.1046875
2 0.07109375 0.496875 0.04375 0.0953125
2 0.1953125 0.45703125 0.0609375 0.071875
2 0.65390625 0.44765625 0.0484375 0.109375
2 0.13515625 0.4796875 0.0546875 0.1
2 0.0453125 0.465625 0.034375 0.0625
2 0.234375 0.39140625 0.06875 0.0515625
2 0.63359375 0.3203125 0.028125 0.046875
2 0.66484375 0.35703125 0.034375 0.0546875
2 0.0171875 0.39375 0.0328125 0.05
2 0.675 0.3078125 0.0234375 0.046875
0 0.3828125 0.471875 0.0390625 0.078125
0 0.91328125 0.4828125 0.0328125 0.071875
0 0.74453125 0.48125 0.0390625 0.071875
2 0.5046875 0.33984375 0.0578125 0.065625
2 0.87578125 0.32421875 0.0234375 0.0421875
4 0.95234375 0.4765625 0.015625 0.046875
2 0.6578125 0.28203125 0.0203125 0.03125
4 0.32109375 0.36640625 0.0125 0.0484375
2 0.69140625 0.28203125 0.01875 0.0390625
2 0.60546875 0.28203125 0.0265625 0.03125
4 0.45 0.39921875 0.0140625 0.053125
2 0.571875 0.30703125 0.028125 0.0390625