2 0.36328125 0.76953125 0.1359375 0.240625
2 0.2234375 0.446875 0.0703125 0.09375
2 0.553125 0.53359375 0.071875 0.1421875
2 0.14765625 0.4609375 0.053125 0.0734375
2 0.07109375 0.86953125 0.1421875 0.2609375
2 0.10390625 0.43828125 0.034375 0.0578125
4 0.57734375 0.40546875 0.015625 0.0609375
2 0.496875 0.346875 0.0578125 0.0578125
2 0.0890625 0.49609375 0.0390625 0.0859375
2 0.678125 0.4 0.0390625 0.0796875
2 0.0234375 0.4125 0.0328125 0.0515625
4 0.9078125 0.46875 0.015625 0.0578125
4 0.9359375 0.4890625 0.0140625 0.0578125
2 0.12578125 0.38203125 0.034375 0.0375
2 0.071875 0.41328125 0.028125 0.0421875
3 0.7640625 0.45078125 0.0484375 0.059375
4 0.48359375 0.3890625 0.015625 0.0609375
2 0.68125 0.3046875 0.028125 0.0421875
2 0.00703125 0.4 0.0140625 0.046875
4 0.3140625 0.3578125 0.015625 0.0609375
2 0.35546875 0.3828125 0.0765625 0.0609375
2 0.04609375 0.43203125 0.0234375 0.0484375