2 0.63125 0.79453125 0.13125 0.23125
2 0.4609375 0.46796875 0.06875 0.1203125
2 0.74765625 0.73046875 0.19375 0.340625
2 0.80234375 0.4578125 0.0609375 0.0734375
2 0.90234375 0.55703125 0.0546875 0.1125
2 0.86640625 0.48046875 0.0578125 0.1
2 0.18359375 0.76171875 0.1109375 0.1984375
2 0.9296875 0.49765625 0.04375 0.0921875
2 0.37578125 0.4296875 0.046875 0.08125
2 0.40546875 0.38359375 0.0421875 0.075
2 0.34765625 0.346875 0.03125 0.0625
2 0.31796875 0.45703125 0.040625 0.0890625
2 0.965625 0.4515625 0.0375 0.0546875
2 0.29765625 0.3171875 0.0265625 0.0484375
2 0.12421875 0.32421875 0.0234375 0.04375
2 0.315625 0.290625 0.0203125 0.0375
0 0.6171875 0.47421875 0.0421875 0.0828125
4 0.23984375 0.4375 0.0140625 0.0640625
2 0.3515625 0.3046875 0.0234375 0.040625
2 0.33359375 0.27109375 0.0203125 0.0296875
2 0.36484375 0.27421875 0.0265625 0.0578125