2 0.8609375 0.425 0.0359375 0.0625
2 0.89609375 0.3546875 0.03125 0.065625
2 0.9109375 0.4484375 0.034375 0.06875
2 0.0890625 0.328125 0.0234375 0.046875
4 0.5125 0.3328125 0.015625 0.053125
2 0.9328125 0.315625 0.01875 0.0421875
2 0.12734375 0.3390625 0.0265625 0.0421875
2 0.9234375 0.41796875 0.028125 0.053125
4 0.403125 0.271875 0.0125 0.0421875
2 0.9546875 0.42265625 0.025 0.05
2 0.9484375 0.3421875 0.0171875 0.0359375
2 0.2625 0.23359375 0.021875 0.0296875
2 0.040625 0.3453125 0.0203125 0.0390625
4 0.5609375 0.309375 0.0125 0.0421875
2 0.8796875 0.39765625 0.0265625 0.0453125
2 0.95625 0.31953125 0.015625 0.025
4 0.3921875 0.259375 0.009375 0.0375
3 0.94453125 0.47890625 0.021875 0.0625
3 0.8890625 0.4265625 0.01875 0.05