2 0.68828125 0.5046875 0.059375 0.1125
2 0.05625 0.63359375 0.0640625 0.11875
4 0.84375 0.71640625 0.0265625 0.1171875
2 0.6609375 0.36171875 0.0359375 0.059375
4 0.43203125 0.60859375 0.025 0.10625
2 0.14140625 0.49140625 0.05 0.0625
4 0.4875 0.63515625 0.028125 0.1140625
4 0.76015625 0.40078125 0.015625 0.059375
4 0.25703125 0.5015625 0.0203125 0.0765625
4 0.60234375 0.38828125 0.015625 0.05625
4 0.8296875 0.53125 0.01875 0.0765625
2 0.1265625 0.93359375 0.153125 0.1328125
2 0.8046875 0.44609375 0.0421875 0.08125
4 0.3109375 0.4328125 0.0140625 0.053125
4 0.940625 0.59609375 0.0203125 0.1109375
4 0.43671875 0.39375 0.0140625 0.046875
4 0.26328125 0.45625 0.015625 0.0609375
4 0.9796875 0.62421875 0.01875 0.10625
4 0.30703125 0.43203125 0.0140625 0.053125
2 0.75703125 0.27578125 0.0203125 0.0390625
4 0.059375 0.51484375 0.01875 0.0671875
4 0.22890625 0.42578125 0.0140625 0.04375
2 0.03828125 0.87890625 0.0765625 0.2125
4 0.4796875 0.3265625 0.0109375 0.0328125
3 0.7421875 0.54296875 0.0234375 0.0875