2 0.66171875 0.36171875 0.034375 0.0609375
4 0.60234375 0.66875 0.0296875 0.1140625
2 0.16171875 0.453125 0.046875 0.0640625
4 0.71484375 0.5640625 0.01875 0.1015625
2 0.0265625 0.6046875 0.053125 0.0984375
4 0.865625 0.89375 0.040625 0.1453125
4 0.44296875 0.74765625 0.0296875 0.1359375
4 0.246875 0.48515625 0.0171875 0.0625
4 0.40234375 0.7390625 0.0328125 0.109375
4 0.80546875 0.528125 0.0203125 0.08125
4 0.87890625 0.78359375 0.0328125 0.1265625
4 0.39765625 0.42421875 0.0171875 0.0703125
4 0.56171875 0.48203125 0.01875 0.078125
2 0.80390625 0.440625 0.0390625 0.065625
2 0.125 0.9328125 0.15 0.134375
4 0.578125 0.53515625 0.0203125 0.0984375
4 0.44140625 0.41171875 0.0125 0.0609375
4 0.42421875 0.45 0.01875 0.08125
4 0.93828125 0.58359375 0.0171875 0.10625
4 0.73984375 0.33828125 0.0109375 0.04375
4 0.70390625 0.35390625 0.0125 0.0453125
2 0.82578125 0.3640625 0.05625 0.0546875
4 0.95 0.60078125 0.01875 0.1015625
4 0.7390625 0.49375 0.01875 0.065625
4 0.753125 0.53125 0.0203125 0.0796875
4 0.59453125 0.33125 0.0125 0.0421875
2 0.696875 0.26328125 0.015625 0.03125