2 0.55234375 0.71875 0.1515625 0.2109375
2 0.9171875 0.49453125 0.05 0.0828125
0 0.33125 0.4359375 0.0359375 0.075
2 0.88828125 0.61953125 0.05625 0.140625
2 0.159375 0.45234375 0.0375 0.0859375
2 0.3 0.36171875 0.0328125 0.0515625
2 0.428125 0.35703125 0.040625 0.06875
2 0.38125 0.346875 0.0296875 0.0609375
2 0.17578125 0.33203125 0.021875 0.0421875
2 0.34921875 0.37578125 0.034375 0.059375
2 0.51640625 0.3578125 0.0578125 0.0546875
4 0.32421875 0.41953125 0.009375 0.0515625
4 0.9515625 0.628125 0.0171875 0.0890625
2 0.96875 0.43125 0.0421875 0.0640625
2 0.334375 0.340625 0.0328125 0.04375
2 0.65546875 0.38046875 0.0734375 0.0671875
4 0.22578125 0.44453125 0.015625 0.0703125
2 0.29609375 0.32578125 0.025 0.03125
2 0.39453125 0.53515625 0.1328125 0.1390625
4 0.99453125 0.49453125 0.0109375 0.059375
4 0.978125 0.5 0.0125 0.05625
2 0.2921875 0.30390625 0.021875 0.0234375
2 0.9890625 0.39765625 0.021875 0.059375
2 0.125 0.32265625 0.025 0.0390625
1 0.928125 0.3984375 0.1046875 0.1171875