2 0.0984375 0.7984375 0.0921875 0.209375
2 0.1109375 0.484375 0.040625 0.0796875
2 0.903125 0.55625 0.0546875 0.1109375
2 0.8 0.45546875 0.0609375 0.071875
2 0.92890625 0.496875 0.04375 0.09375
2 0.91796875 0.434375 0.0375 0.0625
2 0.8609375 0.4765625 0.0515625 0.0875
2 0.3359375 0.35546875 0.0328125 0.0765625
2 0.18046875 0.453125 0.0390625 0.071875
2 0.30546875 0.3859375 0.03125 0.0640625
2 0.88203125 0.40859375 0.040625 0.0515625
2 0.16171875 0.3640625 0.0296875 0.05
2 0.39609375 0.36796875 0.0390625 0.065625
2 0.2125 0.315625 0.0234375 0.046875
2 0.14609375 0.41640625 0.0328125 0.0640625
2 0.37890625 0.33828125 0.0296875 0.0546875
2 0.3640625 0.2765625 0.03125 0.059375
2 0.95234375 0.4625 0.0296875 0.053125
2 0.2953125 0.346875 0.0296875 0.04375
4 0.97734375 0.5953125 0.01875 0.0703125
2 0.29140625 0.315625 0.025 0.05
2 0.95390625 0.41015625 0.0328125 0.05
2 0.97265625 0.43359375 0.0234375 0.0421875
2 0.29296875 0.334375 0.028125 0.040625
4 0.43046875 0.32109375 0.015625 0.0515625
3 0.85078125 0.53359375 0.0296875 0.071875
4 0.9609375 0.521875 0.0203125 0.0671875
2 0.52734375 0.353125 0.0640625 0.0703125
4 0.26015625 0.478125 0.009375 0.0734375
0 0.2421875 0.4171875 0.01875 0.05625