2 0.08359375 0.6765625 0.16640625 0.31796875
4 0.81328125 0.7015625 0.03671875 0.15078125
4 0.64140625 0.64921875 0.02890625 0.1234375
4 0.19609375 0.353125 0.01796875 0.07890625
4 0.17421875 0.3546875 0.01796875 0.07109375
4 0.1328125 0.33515625 0.0109375 0.05390625
4 0.31796875 0.95390625 0.034375 0.084375
2 0.22109375 0.64921875 0.1546875 0.25
4 0.353125 0.8875 0.0390625 0.171875
4 0.69765625 0.6046875 0.02109375 0.1203125
4 0.67265625 0.60859375 0.03359375 0.1328125
4 0.62265625 0.365625 0.01796875 0.08359375
4 0.60703125 0.375 0.0125 0.08203125
4 0.94453125 0.40859375 0.02109375 0.084375
4 0.925 0.40703125 0.02265625 0.07578125