2 0.21328125 0.6484375 0.0890625 0.1625
2 0.12890625 0.478125 0.0453125 0.09375
2 0.74296875 0.30234375 0.028125 0.040625
2 0.70703125 0.3109375 0.0390625 0.059375
2 0.08515625 0.4265625 0.0421875 0.075
2 0.9578125 0.34453125 0.01875 0.04375
2 0.81875 0.2578125 0.021875 0.03125
2 0.08125 0.34609375 0.021875 0.0375
2 0.65859375 0.27578125 0.0390625 0.040625
2 0.05625 0.38046875 0.021875 0.04375
4 0.70859375 0.353125 0.015625 0.053125
2 0.7390625 0.234375 0.01875 0.0296875
2 0.8703125 0.25546875 0.0171875 0.034375
2 0.7234375 0.22265625 0.0203125 0.0328125
2 0.74921875 0.26875 0.03125 0.0390625
4 0.01171875 0.75 0.0234375 0.1140625
2 0.3828125 0.91953125 0.1625 0.1609375
3 0.6578125 0.303125 0.0140625 0.0390625