2 0.42421875 0.37734375 0.0671875 0.0609375
2 0.0640625 0.3984375 0.0359375 0.04375
2 0.65 0.38125 0.0390625 0.0640625
2 0.56640625 0.3578125 0.0375 0.0578125
4 0.828125 0.46484375 0.0140625 0.0640625
2 0.6109375 0.37265625 0.040625 0.0640625
2 0.6890625 0.3765625 0.0359375 0.0578125
2 0.69921875 0.3390625 0.028125 0.0421875
4 0.78828125 0.4546875 0.015625 0.075
4 0.01015625 0.4921875 0.0171875 0.05625
2 0.5890625 0.32890625 0.0328125 0.0578125
2 0.87734375 0.334375 0.0328125 0.0546875
4 0.01328125 0.50546875 0.0171875 0.053125
2 0.6578125 0.3375 0.0328125 0.03125
4 0.7953125 0.44609375 0.015625 0.059375
1 0.44765625 0.4921875 0.43125 0.2484375