2 0.57578125 0.37734375 0.0671875 0.0609375
2 0.9359375 0.3984375 0.0375 0.04375
2 0.35 0.38125 0.0390625 0.0640625
2 0.43359375 0.3578125 0.0375 0.0578125
4 0.171875 0.46484375 0.0140625 0.0640625
2 0.3890625 0.37265625 0.040625 0.0640625
2 0.3109375 0.3765625 0.0359375 0.0578125
2 0.30078125 0.3390625 0.028125 0.0421875
4 0.21171875 0.4546875 0.0171875 0.075
4 0.98984375 0.4921875 0.0171875 0.05625
2 0.4109375 0.32890625 0.0328125 0.0578125
2 0.12265625 0.334375 0.0328125 0.0546875
4 0.98671875 0.50546875 0.0171875 0.053125
2 0.3421875 0.3375 0.03125 0.03125
4 0.2046875 0.44609375 0.015625 0.059375
1 0.55234375 0.4921875 0.4328125 0.2484375