2 0.69375 0.41171875 0.046875 0.0875
2 0.79453125 0.259375 0.03359375 0.09375
4 0.69140625 0.33984375 0.0109375 0.04765625
2 0.446875 0.5640625 0.08125 0.09375
4 0.40625 0.47578125 0.0203125 0.0578125
2 0.528125 0.51015625 0.07265625 0.0921875
4 0.05546875 0.63671875 0.01953125 0.0671875
2 0.8109375 0.190625 0.01875 0.028125
2 0.48359375 0.6109375 0.0734375 0.08984375
2 0.4296875 0.73203125 0.08671875 0.10859375
2 0.37265625 0.66796875 0.09296875 0.10390625
2 0.34453125 0.61640625 0.084375 0.09453125
2 0.225 0.67421875 0.0796875 0.09296875
2 0.2375 0.73984375 0.0796875 0.10546875
2 0.27265625 0.80625 0.090625 0.1
2 0.365625 0.94921875 0.11015625 0.10078125
2 0.5953125 0.821875 0.109375 0.12734375
2 0.1828125 0.93046875 0.08828125 0.09921875
2 0.14765625 0.85234375 0.0875 0.09921875
2 0.13984375 0.77421875 0.07578125 0.0921875
2 0.85390625 0.31484375 0.025 0.0609375
2 0.87421875 0.6703125 0.04921875 0.11015625