2 0.8375 0.49140625 0.05625 0.0875
2 0.8765625 0.54453125 0.05625 0.1203125
2 0.5703125 0.36875 0.0609375 0.0546875
2 0.9390625 0.4765625 0.0640625 0.125
2 0.1359375 0.3203125 0.040625 0.0609375
2 0.77578125 0.44921875 0.0609375 0.06875
2 0.4546875 0.33203125 0.0375 0.0515625
2 0.0953125 0.40625 0.0515625 0.103125
4 0.0484375 0.5578125 0.015625 0.084375
2 0.42734375 0.35703125 0.040625 0.06875
2 0.875 0.440625 0.0453125 0.0578125
2 0.30078125 0.365625 0.028125 0.059375
4 0.78125 0.53203125 0.0171875 0.075
2 0.3515625 0.3796875 0.0328125 0.0640625
2 0.85 0.4140625 0.0453125 0.05
4 0.20625 0.4640625 0.015625 0.0734375
4 0.48359375 0.4203125 0.0140625 0.0640625
2 0.17578125 0.3171875 0.025 0.0453125
2 0.33359375 0.33828125 0.0296875 0.0640625
2 0.9046875 0.45 0.0359375 0.071875
2 0.209375 0.30078125 0.0234375 0.0515625
2 0.38046875 0.3421875 0.0296875 0.0703125
2 0.9765625 0.4546875 0.034375 0.0546875
4 0.6390625 0.371875 0.0140625 0.0515625
4 0.11328125 0.50390625 0.0171875 0.0734375
2 0.359375 0.321875 0.0328125 0.071875
4 0.03125 0.56953125 0.015625 0.0796875
4 0.68671875 0.4328125 0.0140625 0.059375
4 0.63515625 0.3765625 0.0125 0.0484375
2 0.77734375 0.38125 0.05625 0.05625
4 0.7046875 0.4390625 0.0140625 0.0546875
4 0.47890625 0.4203125 0.0140625 0.0625
2 0.296875 0.32734375 0.0203125 0.0390625
2 0.3296875 0.32421875 0.0265625 0.0515625
2 0.3703125 0.3328125 0.046875 0.0859375
2 0.1859375 0.2765625 0.01875 0.0453125
2 0.98046875 0.42734375 0.0390625 0.1015625
2 0.2953125 0.3046875 0.0203125 0.040625