2 0.1625 0.4859375 0.0625 0.0796875
2 0.6328125 0.42421875 0.0421875 0.08125
2 0.5609375 0.36640625 0.04375 0.078125
2 0.09296875 0.4859375 0.0453125 0.075
2 0.6984375 0.39609375 0.0359375 0.075
2 0.071875 0.425 0.040625 0.0546875
2 0.59609375 0.40078125 0.040625 0.06875
2 0.12265625 0.4078125 0.0453125 0.059375
4 0.04296875 0.5671875 0.01875 0.071875
2 0.1703125 0.4390625 0.05625 0.0609375
2 0.625 0.34609375 0.0328125 0.05
2 0.01328125 0.43515625 0.0265625 0.0578125
2 0.66328125 0.34453125 0.028125 0.0515625
2 0.79296875 0.30234375 0.021875 0.0390625
4 0.83203125 0.44375 0.0125 0.059375
4 0.44765625 0.39453125 0.015625 0.0546875
2 0.59453125 0.321875 0.0421875 0.0734375
2 0.0125 0.371875 0.025 0.0390625
2 0.83671875 0.38359375 0.028125 0.0546875
4 0.84375 0.45390625 0.0125 0.0671875
2 0.6421875 0.31171875 0.0234375 0.0390625
4 0.25859375 0.3828125 0.0125 0.0546875
2 0.8765625 0.32265625 0.021875 0.0390625
4 0.2625 0.38671875 0.0125 0.0546875
4 0.01171875 0.59765625 0.0171875 0.071875
0 0.92578125 0.46484375 0.03125 0.05
2 0.70546875 0.346875 0.028125 0.04375
4 0.9296875 0.434375 0.0140625 0.0578125
4 0.896875 0.39765625 0.0125 0.0484375
4 0.77421875 0.4375 0.0125 0.0671875