2 0.46015625 0.74453125 0.1328125 0.1359375
2 0.38984375 0.61171875 0.10859375 0.121875
2 0.84375 0.55234375 0.05078125 0.06640625
2 0.8359375 0.69921875 0.12421875 0.1828125
2 0.7609375 0.88125 0.1765625 0.13359375
2 0.28515625 0.6 0.09140625 0.11484375
2 0.20703125 0.5921875 0.07109375 0.1703125
2 0.32109375 0.5421875 0.06875 0.0609375
2 0.24296875 0.50859375 0.04140625 0.05546875
2 0.146875 0.5171875 0.02890625 0.03984375
2 0.259375 0.90703125 0.22890625 0.10234375
2 0.715625 0.65390625 0.0953125 0.1125