2 0.61640625 0.50546875 0.1078125 0.096875
2 0.5171875 0.78984375 0.16875 0.2109375
2 0.66328125 0.8796875 0.1609375 0.240625
2 0.890625 0.521875 0.0625 0.09375
2 0.8671875 0.45546875 0.0578125 0.090625
2 0.95390625 0.45859375 0.0390625 0.065625
2 0.42734375 0.36171875 0.0359375 0.059375
2 0.59453125 0.36640625 0.0671875 0.059375
2 0.365625 0.37734375 0.034375 0.0625
2 0.29765625 0.359375 0.03125 0.0609375
2 0.33671875 0.34609375 0.0296875 0.0546875
2 0.15390625 0.30546875 0.0328125 0.0625
2 0.403125 0.3140625 0.0390625 0.071875
2 0.4421875 0.3265625 0.0328125 0.0453125
4 0.3390625 0.42890625 0.015625 0.065625
4 0.1484375 0.39921875 0.0140625 0.0546875
2 0.38046875 0.34609375 0.03125 0.0515625
4 0.1890625 0.43359375 0.0140625 0.053125
2 0.36171875 0.309375 0.034375 0.0671875
2 0.3171875 0.296875 0.021875 0.0375
4 0.103125 0.4828125 0.015625 0.05625
4 0.08828125 0.4640625 0.0125 0.0640625
2 0.1046875 0.37734375 0.0390625 0.0703125
2 0.19140625 0.2984375 0.025 0.0390625
2 0.19609375 0.29375 0.0265625 0.0546875
2 0.93515625 0.41875 0.03125 0.046875
2 0.12265625 0.32578125 0.021875 0.0375
4 0.05390625 0.503125 0.015625 0.0625
2 0.33125 0.3140625 0.0234375 0.04375
4 0.684375 0.36796875 0.0125 0.046875
2 0.97578125 0.42265625 0.0484375 0.0640625
1 0.865625 0.39921875 0.1578125 0.1359375