2 0.7640625 0.51015625 0.090625 0.09375
2 0.37109375 0.65703125 0.1234375 0.2078125
2 0.3078125 0.77578125 0.1296875 0.203125
2 0.64453125 0.43046875 0.075 0.071875
2 0.85390625 0.5109375 0.0734375 0.0859375
2 0.1953125 0.584375 0.078125 0.1546875
2 0.22890625 0.51640625 0.071875 0.1015625
2 0.50703125 0.39375 0.078125 0.06875
2 0.72421875 0.42265625 0.0703125 0.0703125
2 0.15234375 0.41953125 0.0421875 0.06875
2 0.88125 0.49921875 0.109375 0.0859375
2 0.70859375 0.3140625 0.0390625 0.0484375
2 0.1125 0.45546875 0.0375 0.0734375
2 0.790625 0.28046875 0.025 0.0390625
2 0.09765625 0.35390625 0.0265625 0.046875
2 0.48046875 0.33671875 0.0625 0.0484375
2 0.29296875 0.2953125 0.03125 0.0375
2 0.92890625 0.3265625 0.021875 0.046875
2 0.3421875 0.32734375 0.040625 0.05
2 0.18828125 0.2859375 0.025 0.034375
2 0.70546875 0.28125 0.0265625 0.0359375
2 0.72890625 0.2890625 0.028125 0.0390625
2 0.38046875 0.31796875 0.034375 0.046875
2 0.66015625 0.2765625 0.0375 0.0328125
2 0.7390625 0.2359375 0.0203125 0.03125
2 0.75 0.265625 0.025 0.03125
4 0.41328125 0.36640625 0.0125 0.046875
4 0.621875 0.31484375 0.0109375 0.040625
2 0.9609375 0.34765625 0.0203125 0.0375
4 0.11640625 0.91875 0.025 0.103125
2 0.9390625 0.3125 0.0234375 0.040625
2 0.0734375 0.3890625 0.053125 0.1171875
2 0.0671875 0.31953125 0.01875 0.0265625
2 0.35859375 0.3203125 0.0734375 0.05
4 0.3703125 0.35234375 0.0109375 0.05
2 0.0578125 0.31015625 0.015625 0.0234375
3 0.66484375 0.30078125 0.0203125 0.04375
3 0.98515625 0.53203125 0.0296875 0.071875