2 0.61015625 0.778125 0.1421875 0.25625
2 0.8578125 0.5390625 0.0625 0.13125
2 0.8390625 0.44765625 0.046875 0.0734375
2 0.29296875 0.31171875 0.0375 0.0625
2 0.2578125 0.30390625 0.028125 0.04375
2 0.74765625 0.28203125 0.028125 0.0390625
2 0.93671875 0.38828125 0.0453125 0.1140625
2 0.040625 0.34609375 0.0203125 0.04375
2 0.9234375 0.340625 0.0203125 0.0359375
2 0.78203125 0.29296875 0.0234375 0.0328125
2 0.3390625 0.2765625 0.0359375 0.0359375
4 0.5671875 0.33125 0.0125 0.05
2 0.18203125 0.25625 0.0203125 0.028125
2 0.25078125 0.26796875 0.028125 0.0359375
2 0.8453125 0.278125 0.021875 0.028125
4 0.12265625 0.4078125 0.0140625 0.0546875
2 0.9953125 0.39453125 0.009375 0.0421875
2 0.29296875 0.278125 0.028125 0.0390625
2 0.94375 0.309375 0.0171875 0.03125
2 0.965625 0.31875 0.0140625 0.03125
2 0.2609375 0.234375 0.015625 0.028125
2 0.953125 0.34140625 0.015625 0.03125
2 0.39453125 0.2875 0.053125 0.040625
2 0.27421875 0.221875 0.0203125 0.0296875
4 0.33984375 0.30390625 0.0140625 0.0390625