2 0.91796875 0.5421875 0.04375 0.0953125
2 0.42421875 0.4609375 0.0515625 0.090625
2 0.88203125 0.49765625 0.0578125 0.09375
2 0.296875 0.359375 0.0328125 0.0578125
2 0.3171875 0.4515625 0.0390625 0.0890625
2 0.17109375 0.278125 0.0296875 0.075
2 0.43046875 0.353125 0.0421875 0.078125
2 0.34296875 0.3515625 0.034375 0.05625
2 0.8828125 0.42890625 0.0703125 0.103125
2 0.93671875 0.4875 0.040625 0.08125
2 0.38203125 0.34609375 0.0328125 0.053125
4 0.70625 0.4375 0.015625 0.0609375
2 0.79140625 0.45234375 0.10625 0.0984375
4 0.83984375 0.55703125 0.015625 0.0875
4 0.71953125 0.4515625 0.0125 0.053125
4 0.565625 0.4546875 0.015625 0.0484375
4 0.1734375 0.4671875 0.0140625 0.0640625
2 0.3609375 0.3203125 0.025 0.040625
2 0.290625 0.32265625 0.028125 0.0359375
4 0.23828125 0.43515625 0.0140625 0.0609375
2 0.328125 0.31875 0.028125 0.0453125
4 0.73515625 0.48203125 0.015625 0.05625
4 0.0546875 0.484375 0.0140625 0.0609375
2 0.3859375 0.27109375 0.021875 0.0359375
2 0.125 0.321875 0.025 0.04375
4 0.08828125 0.465625 0.0125 0.0578125
4 0.1296875 0.465625 0.015625 0.0671875
4 0.10546875 0.4859375 0.0125 0.06875