2 0.4453125 0.53125 0.084375 0.1515625
2 0.14609375 0.4609375 0.05625 0.071875
2 0.61953125 0.4671875 0.0546875 0.09375
2 0.684375 0.4234375 0.0390625 0.0765625
2 0.22109375 0.4453125 0.06875 0.090625
2 0.24375 0.38203125 0.0671875 0.06875
2 0.0875 0.49453125 0.0421875 0.090625
2 0.59765625 0.38984375 0.0390625 0.0796875
2 0.70078125 0.359375 0.03125 0.0515625
4 0.31796875 0.37265625 0.0140625 0.0515625
4 0.20078125 0.52109375 0.01875 0.08125
2 0.0453125 0.434375 0.03125 0.0515625
2 0.5984375 0.3234375 0.0390625 0.06875
2 0.121875 0.3796875 0.0328125 0.0390625
2 0.09296875 0.365625 0.028125 0.0421875
2 0.6328125 0.33203125 0.0328125 0.0609375
2 0.66015625 0.3546875 0.0359375 0.0578125
4 0.7953125 0.43984375 0.0171875 0.059375
2 0.0421875 0.37109375 0.03125 0.0515625
2 0.0765625 0.41796875 0.034375 0.0484375
4 0.928125 0.4734375 0.015625 0.0734375
2 0.0140625 0.4046875 0.028125 0.0484375
2 0.51796875 0.3453125 0.0578125 0.053125
2 0.70625 0.32109375 0.0234375 0.0390625
2 0.0640625 0.4609375 0.0296875 0.05625
2 0.66953125 0.3265625 0.025 0.046875