2 0.1171875 0.72734375 0.075 0.184375
2 0.8046875 0.44140625 0.059375 0.0625
2 0.17265625 0.46796875 0.040625 0.075
2 0.903125 0.50234375 0.046875 0.0796875
2 0.06875 0.45078125 0.0578125 0.121875
4 0.828125 0.6 0.0234375 0.0890625
2 0.2078125 0.34609375 0.028125 0.0453125
2 0.85859375 0.47109375 0.053125 0.071875
2 0.42734375 0.36171875 0.0359375 0.059375
2 0.36484375 0.27578125 0.0328125 0.0609375
2 0.9109375 0.43203125 0.0390625 0.0609375
2 0.93671875 0.46796875 0.0390625 0.06875
2 0.56796875 0.36328125 0.071875 0.053125
4 0.37421875 0.425 0.015625 0.0625
2 0.29765625 0.3546875 0.03125 0.0703125
4 0.7 0.49765625 0.015625 0.071875
2 0.33828125 0.3453125 0.028125 0.0484375
4 0.78984375 0.50703125 0.0171875 0.0796875
2 0.36484375 0.38125 0.0359375 0.0578125
4 0.35625 0.42421875 0.0125 0.0640625
2 0.96953125 0.44140625 0.03125 0.0578125
4 0.121875 0.4421875 0.0171875 0.0578125
2 0.33046875 0.315625 0.0265625 0.05
4 0.98671875 0.5296875 0.0171875 0.0625
2 0.378125 0.34453125 0.03125 0.0515625
2 0.94765625 0.4203125 0.025 0.0421875
4 0.2203125 0.45859375 0.015625 0.06875
2 0.4703125 0.34140625 0.0484375 0.0484375
4 0.24140625 0.484375 0.0203125 0.0796875