2 0.64296875 0.503125 0.1078125 0.0984375
2 0.3546875 0.54453125 0.1140625 0.0984375
2 0.46875 0.6203125 0.14375 0.1359375
2 0.8515625 0.49375 0.0671875 0.084375
2 0.43125 0.3546875 0.0453125 0.075
2 0.89140625 0.5921875 0.05625 0.1296875
2 0.95859375 0.4640625 0.0390625 0.0671875
2 0.20859375 0.51953125 0.0765625 0.090625
2 0.87578125 0.4078125 0.046875 0.046875
2 0.94453125 0.41015625 0.0421875 0.0640625
4 0.96640625 0.56328125 0.015625 0.0703125
2 0.34140625 0.36484375 0.0375 0.0703125
2 0.30078125 0.3828125 0.0375 0.065625
2 0.38828125 0.3734375 0.0390625 0.059375
0 0.3234375 0.44765625 0.03125 0.053125
0 0.51171875 0.39140625 0.0296875 0.046875
2 0.12421875 0.3234375 0.0234375 0.0390625
2 0.29453125 0.3421875 0.0296875 0.0328125
2 0.1796875 0.3625 0.028125 0.053125
2 0.36171875 0.309375 0.0234375 0.0359375
4 0.22421875 0.43515625 0.015625 0.078125
2 0.99453125 0.40859375 0.0109375 0.0546875