2 0.77578125 0.73203125 0.1046875 0.1859375
2 0.29375 0.3078125 0.0390625 0.0609375
2 0.8984375 0.37890625 0.0328125 0.0609375
2 0.2578125 0.30390625 0.0265625 0.04375
2 0.0421875 0.34453125 0.01875 0.0421875
4 0.784375 0.440625 0.0203125 0.071875
4 0.484375 0.29765625 0.0140625 0.0484375
2 0.2609375 0.23359375 0.01875 0.0296875
2 0.3984375 0.28671875 0.0453125 0.040625
2 0.2765625 0.2234375 0.0203125 0.0328125
2 0.94453125 0.34609375 0.01875 0.034375
4 0.4890625 0.29296875 0.0140625 0.0484375
2 0.184375 0.296875 0.021875 0.034375
4 0.3734375 0.32890625 0.0109375 0.046875
2 0.29765625 0.2796875 0.0203125 0.0390625
3 0.34140625 0.303125 0.015625 0.040625
3 0.2515625 0.3421875 0.01875 0.0453125