2 0.31171875 0.5046875 0.059375 0.1125
2 0.94375 0.63359375 0.0640625 0.11875
4 0.15625 0.71640625 0.0265625 0.1171875
2 0.3390625 0.36171875 0.0359375 0.059375
4 0.56796875 0.60859375 0.025 0.10625
2 0.85859375 0.49140625 0.05 0.0625
4 0.5125 0.63515625 0.028125 0.1140625
4 0.23984375 0.40078125 0.015625 0.059375
4 0.74296875 0.5015625 0.0203125 0.0765625
4 0.39765625 0.38828125 0.015625 0.05625
4 0.1703125 0.53125 0.01875 0.0765625
2 0.8734375 0.93359375 0.153125 0.1328125
2 0.1953125 0.44609375 0.0421875 0.08125
4 0.6890625 0.4328125 0.0140625 0.053125
4 0.059375 0.59609375 0.0203125 0.1109375
4 0.56328125 0.39375 0.0140625 0.046875
4 0.73671875 0.45625 0.015625 0.0609375
4 0.0203125 0.62421875 0.01875 0.10625
4 0.69296875 0.43203125 0.0140625 0.053125
2 0.24296875 0.27578125 0.0203125 0.0390625
4 0.940625 0.51484375 0.01875 0.0671875
4 0.77109375 0.42578125 0.0140625 0.04375
2 0.96171875 0.87890625 0.0765625 0.2125
4 0.5203125 0.3265625 0.0109375 0.0328125
3 0.2578125 0.54296875 0.0234375 0.0875