2 0.62734375 0.659375 0.1265625 0.1671875
2 0.7125 0.47578125 0.0796875 0.090625
2 0.8203125 0.4953125 0.0625 0.090625
2 0.7953125 0.66796875 0.09375 0.1765625
2 0.90078125 0.5109375 0.0546875 0.090625
2 0.859375 0.41796875 0.05 0.05625
2 0.91796875 0.43515625 0.0390625 0.0546875
2 0.29765625 0.3578125 0.03125 0.0609375
2 0.42578125 0.359375 0.0375 0.0578125
2 0.98125 0.43828125 0.0328125 0.0578125
2 0.93359375 0.36484375 0.03125 0.0390625
2 0.95703125 0.38046875 0.0265625 0.0390625
2 0.33828125 0.34765625 0.028125 0.0515625
2 0.9890625 0.37109375 0.021875 0.04375
2 0.290625 0.31953125 0.0203125 0.0390625
2 0.3796875 0.34453125 0.028125 0.0515625
1 0.38359375 0.4984375 0.4890625 0.2
2 0.246875 0.94140625 0.18125 0.1171875
2 0.36484375 0.37421875 0.040625 0.0609375
2 0.171875 0.37890625 0.028125 0.053125