2 0.9015625 0.7984375 0.0921875 0.209375
2 0.8890625 0.484375 0.040625 0.0796875
2 0.096875 0.55625 0.0546875 0.1109375
2 0.2 0.45546875 0.0609375 0.071875
2 0.07109375 0.496875 0.04375 0.09375
2 0.08203125 0.434375 0.0375 0.0625
2 0.1390625 0.4765625 0.0515625 0.0875
2 0.6640625 0.35546875 0.0328125 0.0765625
2 0.81953125 0.453125 0.0390625 0.071875
2 0.69453125 0.3859375 0.03125 0.0640625
2 0.11796875 0.40859375 0.040625 0.0515625
2 0.83828125 0.3640625 0.0296875 0.05
2 0.60390625 0.36796875 0.0390625 0.065625
2 0.7875 0.315625 0.0234375 0.046875
2 0.85390625 0.41640625 0.0328125 0.0640625
2 0.62109375 0.33828125 0.0296875 0.0546875
2 0.6359375 0.2765625 0.03125 0.059375
2 0.04765625 0.4625 0.0296875 0.053125
2 0.7046875 0.346875 0.0296875 0.04375
4 0.02265625 0.5953125 0.01875 0.0703125
2 0.70859375 0.315625 0.0265625 0.05
2 0.04609375 0.41015625 0.0328125 0.05
2 0.02734375 0.43359375 0.0234375 0.0421875
2 0.70703125 0.334375 0.028125 0.040625
4 0.56953125 0.32109375 0.015625 0.0515625
3 0.14921875 0.53359375 0.0296875 0.071875
4 0.0390625 0.521875 0.0203125 0.0671875
2 0.47265625 0.353125 0.0640625 0.0703125
4 0.73984375 0.478125 0.0109375 0.0734375
0 0.7578125 0.4171875 0.01875 0.05625