2 0.53359375 0.61640625 0.096875 0.1640625
2 0.7796875 0.74453125 0.1984375 0.3453125
2 0.8015625 0.4578125 0.059375 0.071875
2 0.90234375 0.5578125 0.0578125 0.1140625
2 0.9296875 0.49609375 0.0453125 0.0984375
2 0.86484375 0.48046875 0.0546875 0.1
0 0.1734375 0.4890625 0.0328125 0.0703125
2 0.340625 0.3765625 0.034375 0.084375
3 0.19765625 0.66015625 0.0453125 0.125
2 0.32421875 0.33203125 0.0265625 0.0484375
2 0.42109375 0.34296875 0.046875 0.084375
2 0.95390625 0.465625 0.0359375 0.0625
2 0.30703125 0.2796875 0.0203125 0.034375
2 0.35546875 0.30625 0.0234375 0.0390625
2 0.36875 0.3390625 0.028125 0.0453125
4 0.1765625 0.35625 0.0125 0.0421875
2 0.34140625 0.284375 0.0234375 0.0375
0 0.615625 0.475 0.040625 0.08125
4 0.58203125 0.39375 0.015625 0.0546875