2 0.11328125 0.8125 0.090625 0.21875
2 0.846875 0.42890625 0.0578125 0.0640625
2 0.571875 0.36953125 0.065625 0.0546875
2 0.90859375 0.5078125 0.0453125 0.1015625
2 0.40703125 0.29296875 0.028125 0.046875
2 0.07734375 0.428125 0.0484375 0.1078125
2 0.95 0.47578125 0.04375 0.0875
2 0.31171875 0.378125 0.03125 0.0546875
2 0.39296875 0.37578125 0.0359375 0.0671875
4 0.496875 0.4265625 0.015625 0.0625
2 0.29921875 0.32734375 0.025 0.046875
2 0.3484375 0.3703125 0.0359375 0.065625
2 0.3375 0.32890625 0.0265625 0.046875
2 0.45625 0.334375 0.0359375 0.046875
4 0.40625 0.4359375 0.015625 0.06875
2 0.9890625 0.41875 0.021875 0.0515625
2 0.009375 0.78671875 0.01875 0.1703125
4 0.30859375 0.41484375 0.015625 0.05
4 0.3609375 0.43359375 0.0125 0.0671875
0 0.915625 0.6125 0.028125 0.09375
4 0.4640625 0.375 0.0109375 0.04375