2 0.46640625 0.875 0.053125 0.1125
1 0.10703125 0.4921875 0.08203125 0.09140625
2 0.8625 0.86796875 0.07890625 0.08125
2 0.3375 0.41015625 0.01953125 0.03046875
2 0.52421875 0.87578125 0.05 0.1015625
1 0.0703125 0.34921875 0.0375 0.0453125
2 0.3875 0.8125 0.05625 0.153125
1 0.0421875 0.5296875 0.084375 0.11875
1 0.090625 0.4140625 0.06953125 0.0703125
1 0.1203125 0.378125 0.05390625 0.05234375
1 0.1859375 0.375 0.0515625 0.05234375
2 0.48984375 0.7671875 0.04609375 0.0859375
2 0.41796875 0.696875 0.0359375 0.0703125
2 0.46953125 0.67421875 0.0328125 0.07265625
2 0.37109375 0.7234375 0.034375 0.06328125
2 0.365625 0.63046875 0.025 0.05703125
2 0.4375 0.59453125 0.028125 0.06875
2 0.390625 0.58203125 0.025 0.05234375
2 0.35859375 0.54921875 0.02734375 0.04609375
2 0.3421875 0.4921875 0.02265625 0.0375
2 0.371875 0.4875 0.02421875 0.04609375
2 0.80078125 0.79140625 0.05859375 0.07421875
2 0.746875 0.72890625 0.05 0.0671875
2 0.70625 0.67265625 0.046875 0.05859375
2 0.6640625 0.6203125 0.046875 0.0484375