2 0.66875 0.79609375 0.1390625 0.2
2 0.81796875 0.51953125 0.059375 0.1015625
0 0.271875 0.48828125 0.0390625 0.0765625
2 0.11640625 0.39296875 0.0296875 0.0484375
2 0.59140625 0.2828125 0.0515625 0.046875
2 0.09375 0.45234375 0.0359375 0.071875
2 0.703125 0.2734375 0.0328125 0.034375
2 0.38125 0.29140625 0.05625 0.0453125
2 0.13984375 0.428125 0.0359375 0.0625
2 0.94296875 0.30078125 0.0171875 0.034375
4 0.128125 0.48046875 0.0171875 0.065625
2 0.06015625 0.36640625 0.021875 0.0375
0 0.4453125 0.34765625 0.025 0.05625
2 0.23671875 0.28671875 0.0296875 0.0375
2 0.90703125 0.315625 0.0203125 0.0390625
2 0.87265625 0.3265625 0.025 0.040625
4 0.2796875 0.396875 0.0140625 0.0546875
2 0.80625 0.26015625 0.0203125 0.0375
2 0.95859375 0.34375 0.0171875 0.0359375
2 0.75703125 0.25078125 0.01875 0.0390625
4 0.178125 0.43984375 0.0125 0.05625
2 0.0515625 0.2984375 0.0171875 0.0375
2 0.725 0.22109375 0.0234375 0.03125
4 0.9015625 0.49140625 0.01875 0.0578125
2 0.03046875 0.31484375 0.0125 0.034375
4 0.33984375 0.34609375 0.0109375 0.046875