2 0.8984375 0.67890625 0.0640625 0.165625
2 0.43125 0.3546875 0.0453125 0.075
2 0.83046875 0.43515625 0.059375 0.0640625
2 0.1515625 0.38125 0.03125 0.046875
2 0.14453125 0.45078125 0.0359375 0.075
2 0.29921875 0.3828125 0.0359375 0.06875
4 0.20859375 0.42734375 0.0140625 0.0546875
2 0.3921875 0.36953125 0.0359375 0.05625
2 0.34296875 0.36875 0.0375 0.0671875
2 0.18828125 0.3125 0.021875 0.0421875
4 0.965625 0.56171875 0.015625 0.0671875
2 0.16796875 0.290625 0.0203125 0.034375
4 0.9921875 0.49609375 0.015625 0.0546875
2 0.3578125 0.31015625 0.0234375 0.0359375
2 0.37109375 0.3421875 0.0265625 0.0484375
4 0.67109375 0.36875 0.015625 0.0546875
4 0.7390625 0.36640625 0.0125 0.0390625
4 0.5515625 0.38984375 0.015625 0.05625
2 0.12265625 0.3203125 0.021875 0.0421875
2 0.190625 0.2640625 0.0140625 0.025
4 0.1859375 0.490625 0.0203125 0.075
4 0.1828125 0.44453125 0.0140625 0.0703125