2 0.44296875 0.690625 0.096875 0.1953125
2 0.72265625 0.3828125 0.0703125 0.065625
2 0.48046875 0.5515625 0.0703125 0.125
2 0.43203125 0.44765625 0.0578125 0.0984375
2 0.903125 0.55703125 0.0578125 0.1140625
2 0.80234375 0.45625 0.059375 0.0734375
2 0.62109375 0.584375 0.1421875 0.2578125
2 0.9296875 0.49609375 0.0453125 0.0984375
2 0.865625 0.48046875 0.05625 0.1
2 0.35 0.4046875 0.04375 0.078125
2 0.35078125 0.32265625 0.034375 0.0609375
2 0.51328125 0.34453125 0.0703125 0.075
2 0.69375 0.8953125 0.1625 0.209375
0 0.61953125 0.47109375 0.03125 0.0734375
0 0.259375 0.4796875 0.0421875 0.071875
2 0.953125 0.465625 0.0390625 0.0625
4 0.2203125 0.43046875 0.015625 0.0625
2 0.1234375 0.3234375 0.0234375 0.0453125
2 0.38984375 0.27578125 0.0234375 0.0375
4 0.55078125 0.39921875 0.015625 0.0546875