2 0.37265625 0.5046875 0.109375 0.096875
2 0.47265625 0.7828125 0.165625 0.2078125
2 0.33125 0.87421875 0.1578125 0.2453125
2 0.10859375 0.5203125 0.0609375 0.09375
2 0.13203125 0.45390625 0.0578125 0.0890625
2 0.57265625 0.36171875 0.0359375 0.059375
2 0.4046875 0.36640625 0.0703125 0.0625
2 0.634375 0.37734375 0.0359375 0.0625
2 0.0453125 0.4578125 0.0390625 0.0640625
2 0.703125 0.359375 0.03125 0.059375
2 0.6625 0.34609375 0.028125 0.053125
2 0.59375 0.31796875 0.040625 0.071875
2 0.5578125 0.3265625 0.03125 0.04375
2 0.846875 0.30625 0.03125 0.0625
4 0.81484375 0.4328125 0.0140625 0.0515625
4 0.85234375 0.39921875 0.0125 0.053125
2 0.61953125 0.34609375 0.03125 0.0515625
4 0.659375 0.4296875 0.015625 0.0625
2 0.63828125 0.309375 0.034375 0.0671875
4 0.89609375 0.48359375 0.0140625 0.0546875
2 0.6828125 0.29609375 0.0203125 0.0375
4 0.9109375 0.46328125 0.0125 0.065625
2 0.89453125 0.37421875 0.040625 0.06875
2 0.8078125 0.29921875 0.0234375 0.0390625
4 0.9453125 0.503125 0.0171875 0.059375
2 0.87734375 0.32578125 0.0203125 0.0375
2 0.66875 0.31484375 0.0234375 0.04375
2 0.0640625 0.421875 0.03125 0.0484375
1 0.1359375 0.40078125 0.159375 0.128125