2 0.38515625 0.44453125 0.06171875 0.0859375
4 0.60859375 0.10234375 0.0125 0.04453125
4 0.4921875 0.2078125 0.0125 0.040625
2 0.6765625 0.709375 0.0796875 0.09765625
4 0.740625 0.09140625 0.01015625 0.03515625
2 0.75859375 0.66640625 0.084375 0.08828125
0 0.91171875 0.36875 0.025 0.065625
4 0.86875 0.58828125 0.04765625 0.0796875
4 0.4875 0.33515625 0.0234375 0.0546875
4 0.7125 0.309375 0.01484375 0.04921875
4 0.97109375 0.1734375 0.009375 0.02890625
4 0.64375 0.1109375 0.01015625 0.0390625
2 0.2203125 0.1875 0.01875 0.03828125
2 0.153125 0.60390625 0.0453125 0.115625
2 0.40390625 0.81953125 0.1015625 0.1046875
2 0.50390625 0.70078125 0.08671875 0.10859375
2 0.4359375 0.55625 0.06484375 0.0875
2 0.4984375 0.52734375 0.07265625 0.09453125
2 0.55859375 0.63203125 0.08984375 0.10625
2 0.63671875 0.6078125 0.08671875 0.0953125
2 0.63984375 0.7703125 0.09140625 0.10703125
2 0.6328125 0.9484375 0.09765625 0.103125
2 0.79765625 0.8296875 0.1 0.1
2 0.8203125 0.9421875 0.0953125 0.103125
2 0.82421875 0.76484375 0.07734375 0.090625
2 0.8640625 0.715625 0.0828125 0.09375
2 0.9265625 0.8046875 0.08125 0.0921875
2 0.92734375 0.8796875 0.0796875 0.0890625
4 0.30546875 0.540625 0.015625 0.04453125
4 0.08203125 0.66875 0.01796875 0.04453125