2 0.34375 0.6203125 0.15 0.121875
2 0.6375 0.515625 0.109375 0.1109375
2 0.81171875 0.5265625 0.071875 0.1234375
2 0.90234375 0.59609375 0.0546875 0.1453125
2 0.9578125 0.85625 0.084375 0.175
2 0.31484375 0.3796875 0.03125 0.05625
2 0.81875 0.43125 0.0546875 0.0765625
2 0.76484375 0.396875 0.0671875 0.053125
2 0.9140625 0.43515625 0.0453125 0.096875
2 0.43515625 0.36171875 0.0390625 0.059375
2 0.44765625 0.32890625 0.0359375 0.0453125
2 0.1265625 0.3484375 0.0390625 0.084375
4 0.61875 0.375 0.015625 0.0546875
2 0.39140625 0.37421875 0.0375 0.0609375
2 0.97890625 0.378125 0.0296875 0.0453125
2 0.3015625 0.340625 0.0265625 0.040625
2 0.984375 0.43515625 0.03125 0.0609375
2 0.94609375 0.46953125 0.04375 0.0671875
4 0.06640625 0.45703125 0.0140625 0.065625
2 0.41015625 0.33046875 0.0328125 0.0546875
4 0.1328125 0.49453125 0.01875 0.0796875
3 0.69140625 0.60859375 0.0515625 0.1015625
4 0.0484375 0.50625 0.0171875 0.0734375
2 0.34921875 0.39375 0.0328125 0.0671875
0 0.3421875 0.434375 0.03125 0.0515625
2 0.9046875 0.39453125 0.0390625 0.046875
2 0.33828125 0.33359375 0.03125 0.0390625
2 0.29453125 0.31953125 0.0234375 0.03125
2 0.353125 0.290625 0.025 0.0359375
3 0.44609375 0.8828125 0.0796875 0.15625
4 0.3921875 0.43125 0.0140625 0.059375