2 0.40234375 0.56640625 0.125 0.2375
2 0.22109375 0.44609375 0.0703125 0.09375
2 0.14765625 0.46171875 0.053125 0.071875
2 0.60234375 0.4359375 0.0515625 0.10625
4 0.8046875 0.44453125 0.0171875 0.0671875
2 0.284375 0.38359375 0.0640625 0.065625
2 0.10390625 0.43828125 0.0359375 0.0546875
2 0.08984375 0.4953125 0.0390625 0.0859375
2 0.06640625 0.4609375 0.034375 0.0578125
4 0.4890625 0.39453125 0.0140625 0.05625
2 0.54921875 0.33125 0.04375 0.05
2 0.02265625 0.4125 0.0359375 0.0546875
2 0.071875 0.41640625 0.028125 0.0421875
2 0.05 0.4359375 0.028125 0.0421875
3 0.7296875 0.44765625 0.046875 0.0609375
2 0.00703125 0.39921875 0.0140625 0.0484375
4 0.76015625 0.428125 0.0125 0.06875
4 0.778125 0.421875 0.0125 0.0609375
2 0.4453125 0.36328125 0.0671875 0.0515625