2 0.55625 0.60390625 0.0921875 0.14375
2 0.909375 0.51015625 0.046875 0.103125
2 0.70625 0.38828125 0.059375 0.0546875
2 0.85078125 0.428125 0.05625 0.0640625
2 0.87734375 0.38125 0.0359375 0.040625
4 0.12109375 0.4765625 0.0171875 0.0625
2 0.3890625 0.35078125 0.0359375 0.059375
2 0.0765625 0.42890625 0.0453125 0.1078125
2 0.9359375 0.36640625 0.034375 0.0390625
2 0.32734375 0.30625 0.034375 0.075
4 0.6375 0.38046875 0.01875 0.06875
4 0.9921875 0.5078125 0.0140625 0.0578125
4 0.52265625 0.38828125 0.015625 0.06875
3 0.04140625 0.88203125 0.0546875 0.109375
3 0.246875 0.484375 0.0453125 0.065625
4 0.28046875 0.44375 0.015625 0.0890625
2 0.2890625 0.309375 0.0234375 0.0515625
4 0.58046875 0.37265625 0.015625 0.0625
2 0.76171875 0.93046875 0.159375 0.1390625