2 0.33515625 0.68515625 0.1265625 0.2078125
2 0.75859375 0.5203125 0.1 0.0921875
2 0.3671875 0.4984375 0.1109375 0.096875
2 0.15625 0.49921875 0.0625 0.0984375
2 0.55703125 0.35234375 0.053125 0.1015625
2 0.05234375 0.46484375 0.046875 0.0859375
2 0.17578125 0.421875 0.0734375 0.1109375
2 0.08828125 0.6234375 0.0609375 0.1515625
2 0.8625 0.4375 0.034375 0.075
2 0.69609375 0.384375 0.0359375 0.0640625
2 0.603125 0.36640625 0.0359375 0.0625
2 0.6640625 0.353125 0.034375 0.0828125
2 0.075 0.4203125 0.0359375 0.0609375
2 0.83515625 0.29609375 0.0265625 0.0546875
2 0.621875 0.33515625 0.03125 0.0609375
2 0.87578125 0.325 0.0234375 0.0359375
2 0.01640625 0.42265625 0.03125 0.0609375
4 0.37109375 0.396875 0.0140625 0.05625
2 0.709375 0.3125 0.025 0.04375
2 0.7078125 0.32734375 0.0265625 0.03125
2 0.7015625 0.35078125 0.034375 0.0421875
4 0.53515625 0.4203125 0.0125 0.059375
2 0.2828125 0.38515625 0.0640625 0.0546875
2 0.10390625 0.390625 0.0359375 0.0640625
4 0.58671875 0.42734375 0.0125 0.0625
4 0.559375 0.4125 0.0109375 0.0484375
4 0.61015625 0.4015625 0.0140625 0.0625
4 0.59609375 0.41640625 0.0140625 0.065625
2 0.6609375 0.90703125 0.23125 0.1859375
2 0.0375 0.92578125 0.075 0.1453125