2 0.3671875 0.6796875 0.196875 0.20625
2 0.7234375 0.4703125 0.109375 0.128125
2 0.95390625 0.77265625 0.0921875 0.28125
2 0.421875 0.49296875 0.153125 0.1046875
2 0.6703125 0.37265625 0.09375 0.10625
2 0.890625 0.28671875 0.0578125 0.0546875
2 0.92734375 0.340625 0.065625 0.09375
2 0.02890625 0.665625 0.0578125 0.1796875
2 0.01875 0.38671875 0.0375 0.0859375
3 0.84375 0.36015625 0.03125 0.0765625
4 0.9203125 0.5109375 0.034375 0.1
2 0.42421875 0.42109375 0.121875 0.0953125
3 0.075 0.3890625 0.021875 0.075