2 0.40390625 0.6953125 0.1796875 0.2890625
2 0.66953125 0.42734375 0.084375 0.0828125
2 0.16015625 0.5546875 0.0625 0.1125
2 0.15859375 0.434375 0.046875 0.0859375
2 0.11328125 0.465625 0.040625 0.078125
2 0.11484375 0.3890625 0.03125 0.046875
2 0.05234375 0.4203125 0.025 0.05
2 0.09375 0.35390625 0.0234375 0.040625
2 0.95390625 0.36953125 0.040625 0.0609375
2 0.27421875 0.2921875 0.03125 0.0390625
2 0.740625 0.31640625 0.0390625 0.0484375
2 0.06171875 0.36796875 0.021875 0.0421875
2 0.04765625 0.34375 0.0171875 0.0328125
4 0.71640625 0.340625 0.0125 0.040625
2 0.7390625 0.240625 0.0265625 0.040625
4 0.50859375 0.2890625 0.0109375 0.040625
2 0.83984375 0.27734375 0.0203125 0.0328125
2 0.0734375 0.33359375 0.01875 0.0328125
2 0.7796875 0.27890625 0.028125 0.0390625
2 0.034375 0.3203125 0.015625 0.025
2 0.8078125 0.2734375 0.0203125 0.0359375
4 0.5125 0.29453125 0.0109375 0.0390625
2 0.95859375 0.34140625 0.0203125 0.028125
4 0.31484375 0.38046875 0.0125 0.0484375
2 0.0046875 0.39375 0.009375 0.0421875
2 0.9828125 0.41953125 0.034375 0.0609375