2 0.8421875 0.48671875 0.053125 0.084375
2 0.8828125 0.53984375 0.0515625 0.1140625
2 0.415625 0.3421875 0.0390625 0.0625
2 0.9359375 0.47734375 0.059375 0.1265625
2 0.77578125 0.44765625 0.0609375 0.065625
2 0.57578125 0.375 0.06875 0.0625
2 0.29609375 0.3375 0.0265625 0.046875
4 0.10625 0.4828125 0.015625 0.06875
4 0.75859375 0.51875 0.015625 0.078125
4 0.50859375 0.415625 0.0125 0.05625
2 0.875 0.44296875 0.0421875 0.0609375
2 0.35234375 0.3765625 0.034375 0.0609375
2 0.353125 0.28984375 0.0234375 0.0390625
4 0.303125 0.40234375 0.0125 0.0609375
2 0.978125 0.45078125 0.0375 0.0703125
2 0.33671875 0.340625 0.028125 0.0421875
4 0.19375 0.446875 0.015625 0.05625
2 0.86171875 0.38125 0.040625 0.0421875
4 0.39140625 0.4359375 0.0140625 0.0640625
2 0.91171875 0.44921875 0.0421875 0.0671875
4 0.69453125 0.3875 0.0125 0.0546875
4 0.41484375 0.43828125 0.0125 0.065625
2 0.4 0.28515625 0.021875 0.0375
2 0.8515625 0.41875 0.046875 0.046875
4 0.68984375 0.3828125 0.0125 0.0546875
4 0.4296875 0.41484375 0.009375 0.0625
4 0.4421875 0.42109375 0.01875 0.0609375
4 0.4640625 0.40703125 0.01875 0.0609375
4 0.47109375 0.33828125 0.0484375 0.0515625