2 0.2828125 0.78203125 0.125 0.2375
2 0.1984375 0.5359375 0.0734375 0.1328125
2 0.10703125 0.578125 0.05625 0.1234375
2 0.21875 0.390625 0.0625 0.0515625
2 0.5671875 0.36015625 0.0390625 0.0625
2 0.81171875 0.38046875 0.0328125 0.0625
2 0.64921875 0.3828125 0.0359375 0.0671875
2 0.68828125 0.37734375 0.0328125 0.0578125
2 0.609375 0.37421875 0.040625 0.0640625
2 0.59296875 0.3265625 0.0296875 0.0578125
2 0.88515625 0.3421875 0.025 0.046875
4 0.91015625 0.490625 0.015625 0.0671875
2 0.52578125 0.34453125 0.046875 0.0515625
4 0.715625 0.43671875 0.015625 0.075
2 0.69921875 0.33984375 0.0265625 0.0421875
2 0.646875 0.29140625 0.025 0.0359375
4 0.3921875 0.3671875 0.0234375 0.0515625
4 0.77421875 0.4515625 0.0140625 0.08125
2 0.63671875 0.3234375 0.0234375 0.040625
1 0.06015625 0.378125 0.078125 0.0765625
3 0.92578125 0.4515625 0.0328125 0.05625