2 0.13828125 0.6671875 0.071875 0.1640625
2 0.08125 0.615625 0.0609375 0.1140625
2 0.80390625 0.44375 0.05625 0.0671875
2 0.9015625 0.5015625 0.046875 0.0796875
2 0.428125 0.3578125 0.0375 0.0625
2 0.71484375 0.3875 0.0609375 0.0515625
2 0.86171875 0.47421875 0.0515625 0.075
2 0.36484375 0.37578125 0.0375 0.0625
2 0.91171875 0.43203125 0.0390625 0.059375
2 0.06015625 0.53125 0.0515625 0.096875
2 0.18125 0.4546875 0.0390625 0.084375
2 0.43828125 0.31640625 0.0328125 0.0453125
2 0.15703125 0.34765625 0.028125 0.0484375
2 0.93671875 0.4671875 0.0421875 0.0671875
4 0.4796875 0.47890625 0.0171875 0.06875
2 0.296875 0.36015625 0.0296875 0.0546875
4 0.38671875 0.45703125 0.015625 0.0765625
2 0.96875 0.44375 0.034375 0.0578125
2 0.21015625 0.32890625 0.0234375 0.0453125
4 0.3265625 0.42734375 0.01875 0.0609375
4 0.36015625 0.4390625 0.0109375 0.065625
2 0.3171875 0.28515625 0.021875 0.0375
4 0.540625 0.4203125 0.0171875 0.0515625
2 0.1890625 0.30546875 0.0234375 0.0421875
2 0.5609375 0.36328125 0.065625 0.0515625
2 0.2921875 0.32265625 0.0234375 0.034375
2 0.578125 0.36953125 0.034375 0.0484375
4 0.465625 0.41640625 0.01875 0.059375
4 0.49609375 0.3828125 0.015625 0.0515625