2 0.44375 0.60390625 0.0921875 0.14375
2 0.090625 0.51015625 0.046875 0.103125
2 0.29375 0.38828125 0.059375 0.0546875
2 0.14921875 0.428125 0.05625 0.0640625
2 0.12265625 0.38125 0.0359375 0.040625
4 0.87890625 0.4765625 0.0171875 0.0625
2 0.6109375 0.35078125 0.0359375 0.059375
2 0.9234375 0.42890625 0.0453125 0.1078125
2 0.0640625 0.36640625 0.034375 0.0390625
2 0.67265625 0.30625 0.034375 0.075
4 0.3625 0.38046875 0.01875 0.06875
4 0.0078125 0.5078125 0.0140625 0.0578125
4 0.47734375 0.38828125 0.015625 0.06875
3 0.95859375 0.88203125 0.0546875 0.109375
3 0.753125 0.484375 0.0453125 0.065625
4 0.71953125 0.44375 0.015625 0.0890625
2 0.7109375 0.309375 0.0234375 0.0515625
4 0.41953125 0.37265625 0.015625 0.0625
2 0.23828125 0.93046875 0.159375 0.1390625