2 0.484375 0.35390625 0.0609375 0.05625
2 0.8578125 0.715625 0.078125 0.1796875
2 0.875 0.5046875 0.0484375 0.1
2 0.91640625 0.659375 0.0640625 0.125
2 0.1234375 0.45703125 0.053125 0.06875
2 0.81015625 0.43046875 0.0328125 0.071875
2 0.09140625 0.50703125 0.04375 0.1
2 0.93515625 0.5734375 0.059375 0.103125
2 0.8125 0.35859375 0.0296875 0.0578125
2 0.56796875 0.35703125 0.0390625 0.05625
2 0.609375 0.375 0.0390625 0.0671875
2 0.15703125 0.43125 0.0578125 0.0625
2 0.68515625 0.3796875 0.0296875 0.05625
2 0.88125 0.43828125 0.0375 0.065625
2 0.96796875 0.87890625 0.0640625 0.2046875
2 0.846875 0.36953125 0.028125 0.046875
2 0.92421875 0.42890625 0.0421875 0.109375
2 0.64921875 0.38203125 0.034375 0.06875
2 0.05234375 0.471875 0.0453125 0.0796875
2 0.7859375 0.32890625 0.0234375 0.04375
2 0.03984375 0.3546875 0.025 0.0359375
2 0.69765625 0.34140625 0.0265625 0.046875
4 0.67265625 0.41796875 0.0140625 0.0578125
2 0.84140625 0.32890625 0.021875 0.0390625
2 0.03359375 0.403125 0.03125 0.0484375
2 0.659375 0.3328125 0.028125 0.0453125
4 0.2125 0.46796875 0.0140625 0.0640625
2 0.0125 0.42421875 0.025 0.0578125
2 0.81171875 0.3 0.0203125 0.046875
4 0.0234375 0.53203125 0.015625 0.06875
4 0.55546875 0.40625 0.0125 0.059375
2 0.3078125 0.39375 0.0625 0.0515625
2 0.67265625 0.2953125 0.0203125 0.0390625
2 0.68515625 0.27734375 0.01875 0.034375
0 0.0859375 0.61484375 0.025 0.09375
2 0.83046875 0.284375 0.0171875 0.03125
2 0.70703125 0.31171875 0.0234375 0.0421875
2 0.109375 0.3984375 0.040625 0.05
2 0.88125 0.3484375 0.0328125 0.075
2 0.99296875 0.76953125 0.0140625 0.11875
4 0.03984375 0.53125 0.0140625 0.06875
2 0.8234375 0.26171875 0.015625 0.03125
4 0.3078125 0.3515625 0.0171875 0.040625
2 0.61953125 0.3390625 0.028125 0.04375
3 0.146875 0.5125 0.0203125 0.065625