2 0.64140625 0.63046875 0.09375 0.09296875
2 0.12578125 0.5765625 0.06015625 0.128125
2 0.59375 0.77421875 0.09921875 0.1421875
2 0.384375 0.6109375 0.1125 0.1171875
2 0.32109375 0.559375 0.09375 0.09296875
2 0.221875 0.546875 0.07265625 0.115625
2 0.73125 0.59140625 0.08125 0.0859375
2 0.11953125 0.48828125 0.0328125 0.0484375
2 0.0890625 0.51953125 0.0328125 0.05390625
2 0.0921875 0.43359375 0.021875 0.0390625
3 0.66171875 0.95078125 0.0640625 0.0984375
2 0.8359375 0.7 0.125 0.18203125
4 0.153125 0.87109375 0.03125 0.1515625
4 0.10703125 0.89765625 0.02265625 0.12265625
2 0.84765625 0.55390625 0.05625 0.0640625
4 0.1265625 0.88046875 0.02109375 0.1015625
4 0.0484375 0.8015625 0.02421875 0.11484375
4 0.04453125 0.90703125 0.03515625 0.12578125
4 0.08125 0.90546875 0.02734375 0.12734375
2 0.27578125 0.90625 0.2125 0.17109375
2 0.7578125 0.88671875 0.1796875 0.1453125