2 0.90234375 0.55546875 0.0578125 0.109375
2 0.39609375 0.36640625 0.0390625 0.0609375
2 0.92890625 0.49609375 0.04375 0.09375
2 0.8 0.45703125 0.059375 0.071875
0 0.36171875 0.48515625 0.040625 0.0828125
2 0.60078125 0.3796875 0.075 0.0578125
2 0.91875 0.43359375 0.046875 0.065625
2 0.7625 0.390625 0.059375 0.0484375
2 0.86171875 0.4765625 0.053125 0.0890625
2 0.3375 0.35859375 0.034375 0.0671875
2 0.9546875 0.465625 0.0359375 0.0609375
0 0.28828125 0.42578125 0.034375 0.0703125
2 0.32578125 0.30625 0.025 0.0375
2 0.9484375 0.38046875 0.0328125 0.040625
2 0.30390625 0.38671875 0.0328125 0.0609375
2 0.2953125 0.3484375 0.028125 0.04375
4 0.52265625 0.403125 0.0140625 0.0625
2 0.1234375 0.32421875 0.0234375 0.04375
2 0.99140625 0.40078125 0.0171875 0.0640625
4 0.45859375 0.396875 0.0109375 0.053125
4 0.334375 0.4203125 0.0125 0.0515625
3 0.8515625 0.534375 0.0296875 0.078125
0 0.44140625 0.42109375 0.0375 0.0609375
0 0.96953125 0.5953125 0.028125 0.0984375