2 0.14453125 0.565625 0.0609375 0.125
2 0.871875 0.4640625 0.0484375 0.071875
4 0.44765625 0.44140625 0.0171875 0.0703125
2 0.8296875 0.434375 0.0546875 0.059375
2 0.91484375 0.478125 0.040625 0.075
2 0.3 0.3828125 0.034375 0.065625
2 0.9640625 0.47109375 0.0390625 0.0703125
2 0.34921875 0.30625 0.025 0.0390625
2 0.34453125 0.371875 0.0375 0.0609375
2 0.371875 0.34453125 0.0328125 0.0515625
4 0.29140625 0.43515625 0.0140625 0.06875
2 0.29296875 0.31015625 0.021875 0.0359375
2 0.5484375 0.35859375 0.0640625 0.05
2 0.74765625 0.38984375 0.0703125 0.046875
2 0.94765625 0.4234375 0.03125 0.0515625
4 0.3578125 0.4296875 0.0140625 0.0640625
2 0.12265625 0.32421875 0.0203125 0.040625
2 0.9890625 0.4234375 0.021875 0.0625
2 0.90625 0.4 0.0296875 0.0421875
2 0.3078125 0.26953125 0.01875 0.03125
4 0.540625 0.403125 0.0125 0.0515625
2 0.97421875 0.40703125 0.03125 0.0453125
2 0.88515625 0.41640625 0.034375 0.0421875
2 0.940625 0.390625 0.04375 0.046875
2 0.29453125 0.34140625 0.025 0.0328125
4 0.29609375 0.43828125 0.015625 0.0703125
2 0.8578125 0.384375 0.04375 0.0390625