2 0.46640625 0.7421875 0.15625 0.215625
0 0.6734375 0.4359375 0.034375 0.0796875
2 0.08515625 0.496875 0.05 0.0828125
2 0.83671875 0.44921875 0.0390625 0.0828125
2 0.11015625 0.63203125 0.0578125 0.1484375
2 0.478125 0.35703125 0.0578125 0.0546875
2 0.7 0.3625 0.034375 0.0515625
2 0.571875 0.359375 0.040625 0.06875
2 0.61875 0.346875 0.028125 0.0609375
2 0.65 0.378125 0.0359375 0.059375
2 0.8234375 0.32890625 0.021875 0.0421875
4 0.0484375 0.628125 0.0171875 0.0890625
2 0.03203125 0.43359375 0.040625 0.0640625
2 0.665625 0.33984375 0.0328125 0.04375
4 0.775 0.44296875 0.0140625 0.06875
2 0.70390625 0.32578125 0.0265625 0.03125
4 0.00546875 0.4953125 0.0109375 0.0625
4 0.021875 0.49921875 0.0125 0.05625
1 0.075 0.39296875 0.10625 0.1234375
2 0.62265625 0.534375 0.1328125 0.1359375
2 0.3359375 0.38203125 0.0734375 0.0609375