2 0.80546875 0.35234375 0.0625 0.1453125
4 0.95390625 0.98671875 0.0125 0.0265625
2 0.46875 0.73125 0.2109375 0.3453125
2 0.59375 0.51796875 0.1328125 0.203125
2 0.6515625 0.39296875 0.096875 0.1453125
2 0.52421875 0.29765625 0.084375 0.1125
2 0.340625 0.39453125 0.1375 0.121875
2 0.2265625 0.48125 0.184375 0.2
2 0.075 0.56484375 0.15 0.2546875
2 0.40703125 0.3421875 0.0921875 0.0984375
2 0.68671875 0.3328125 0.0703125 0.09375
2 0.56953125 0.2734375 0.0578125 0.075
2 0.77421875 0.22890625 0.0484375 0.0671875