2 0.0921875 0.6703125 0.11875 0.153125
2 0.81171875 0.55703125 0.06875 0.1140625
2 0.75 0.29609375 0.0359375 0.04375
2 0.13203125 0.39921875 0.040625 0.075
2 0.10078125 0.434375 0.034375 0.0671875
4 0.4828125 0.328125 0.0140625 0.05
2 0.0546875 0.42578125 0.0296875 0.0546875
2 0.95859375 0.3453125 0.01875 0.040625
2 0.73671875 0.23984375 0.0265625 0.0359375
2 0.07109375 0.390625 0.0234375 0.0390625
2 0.7234375 0.228125 0.0421875 0.04375
2 0.065625 0.4609375 0.0296875 0.065625
2 0.1015625 0.36875 0.0265625 0.04375
4 0.521875 0.2890625 0.0125 0.0484375
2 0.0625 0.3625 0.0203125 0.03125
0 0.81328125 0.384375 0.03125 0.04375
4 0.0765625 0.4765625 0.0171875 0.059375
4 0.315625 0.3875 0.015625 0.05625
3 0.55703125 0.37578125 0.0421875 0.0703125