2 0.8375 0.4859375 0.0625 0.0796875
2 0.3671875 0.42421875 0.0421875 0.08125
2 0.4390625 0.36640625 0.04375 0.078125
2 0.90703125 0.4859375 0.0453125 0.075
2 0.3015625 0.39609375 0.0359375 0.075
2 0.928125 0.425 0.040625 0.0546875
2 0.40390625 0.40078125 0.040625 0.06875
2 0.87734375 0.4078125 0.0453125 0.059375
4 0.95703125 0.5671875 0.01875 0.071875
2 0.8296875 0.4390625 0.05625 0.0609375
2 0.375 0.34609375 0.0328125 0.05
2 0.98671875 0.43515625 0.0265625 0.0578125
2 0.33671875 0.34453125 0.028125 0.0515625
2 0.20703125 0.30234375 0.021875 0.0390625
4 0.16796875 0.44375 0.0125 0.059375
4 0.55234375 0.39453125 0.015625 0.0546875
2 0.40546875 0.321875 0.0421875 0.0734375
2 0.9875 0.371875 0.025 0.0390625
2 0.16328125 0.38359375 0.028125 0.0546875
4 0.15625 0.45390625 0.0125 0.0671875
2 0.3578125 0.31171875 0.0234375 0.0390625
4 0.74140625 0.3828125 0.0125 0.0546875
2 0.1234375 0.32265625 0.021875 0.0390625
4 0.7375 0.38671875 0.0125 0.0546875
4 0.98828125 0.59765625 0.0171875 0.071875
0 0.07421875 0.46484375 0.03125 0.05
2 0.29453125 0.346875 0.028125 0.04375
4 0.0703125 0.434375 0.0140625 0.0578125
4 0.103125 0.39765625 0.0125 0.0484375
4 0.22578125 0.4375 0.0125 0.0671875