2 0.0890625 0.63203125 0.1734375 0.171875
2 0.628125 0.67890625 0.1015625 0.2109375
2 0.5390625 0.56171875 0.075 0.128125
2 0.36171875 0.59375 0.1328125 0.1953125
2 0.43359375 0.73515625 0.1625 0.275
2 0.02734375 0.42578125 0.0546875 0.0765625
2 0.51015625 0.39765625 0.0390625 0.0828125
2 0.56015625 0.471875 0.059375 0.0921875
2 0.665625 0.5203125 0.0625 0.109375
2 0.15234375 0.2953125 0.0625 0.084375
2 0.0375 0.30859375 0.075 0.084375
2 0.06171875 0.878125 0.1234375 0.1828125
2 0.3953125 0.44609375 0.0453125 0.0875