2 0.7734375 0.52890625 0.096875 0.0984375
2 0.41875 0.521875 0.1078125 0.1015625
2 0.0796875 0.50234375 0.04375 0.0828125
2 0.10234375 0.6625 0.0546875 0.14375
2 0.23984375 0.46328125 0.0640625 0.08125
2 0.12265625 0.47265625 0.0515625 0.06875
2 0.11953125 0.409375 0.0421875 0.05
2 0.81953125 0.42265625 0.0359375 0.0703125
2 0.703125 0.359375 0.0328125 0.059375
2 0.571875 0.359375 0.0390625 0.059375
2 0.47265625 0.35546875 0.0515625 0.05
4 0.64296875 0.4296875 0.0140625 0.0640625
4 0.6171875 0.43203125 0.015625 0.0703125
2 0.021875 0.43046875 0.040625 0.065625
2 0.62109375 0.34453125 0.028125 0.05
2 0.03515625 0.37578125 0.03125 0.04375
2 0.059375 0.36640625 0.0265625 0.0390625
2 0.66171875 0.3453125 0.028125 0.0484375
2 0.6375 0.3796875 0.0359375 0.0578125
2 0.640625 0.30625 0.0359375 0.0640625
4 0.553125 0.39296875 0.0109375 0.05
4 0.778125 0.44375 0.0125 0.0640625
2 0.8375 0.33046875 0.0484375 0.1015625
2 0.59609375 0.3125 0.0359375 0.0625
2 0.70859375 0.3234375 0.0234375 0.0296875
3 0.60234375 0.52109375 0.05 0.0828125
4 0.49609375 0.39375 0.0140625 0.0546875
4 0.42578125 0.45390625 0.01875 0.0390625
2 0.31484375 0.384375 0.0625 0.0515625
3 0.07265625 0.5796875 0.0234375 0.0734375
2 0.6765625 0.303125 0.028125 0.03125
2 0.67109375 0.31015625 0.028125 0.0328125
2 0.8765625 0.3203125 0.0203125 0.0328125
3 0.89765625 0.40859375 0.015625 0.0484375