2 0.2875 0.471875 0.0890625 0.1046875
2 0.175 0.471875 0.0609375 0.08125
2 0.56875 0.353125 0.0421875 0.0765625
2 0.10703125 0.528125 0.0484375 0.1
2 0.80078125 0.37265625 0.0296875 0.06875
4 0.653125 0.45703125 0.0171875 0.0796875
2 0.6453125 0.30234375 0.0234375 0.040625
2 0.109375 0.44140625 0.0390625 0.059375
2 0.6203125 0.35703125 0.034375 0.078125
2 0.8453125 0.31640625 0.0328125 0.06875
2 0.7015625 0.37734375 0.034375 0.06875
2 0.07109375 0.46796875 0.0421875 0.0671875
2 0.05546875 0.3953125 0.0328125 0.0515625
2 0.6625 0.3390625 0.034375 0.0546875
2 0.81875 0.33125 0.0234375 0.04375
4 0.89296875 0.590625 0.01875 0.084375
2 0.07578125 0.41796875 0.028125 0.046875
4 0.78125 0.43359375 0.0125 0.0671875
2 0.0265625 0.41484375 0.0265625 0.053125
4 0.29296875 0.36953125 0.0125 0.0515625
2 0.05234375 0.4390625 0.028125 0.04375
4 0.5203125 0.371875 0.015625 0.046875
4 0.93359375 0.47109375 0.0171875 0.0625
4 0.3859375 0.346875 0.0140625 0.053125
2 0.11484375 0.40234375 0.0328125 0.0515625
4 0.51015625 0.38359375 0.0125 0.046875
4 0.9515625 0.49765625 0.0140625 0.075
2 0.00703125 0.39921875 0.0140625 0.04375
4 0.0171875 0.4859375 0.0109375 0.0609375
2 0.346875 0.378125 0.0640625 0.0625