2 0.38984375 0.778125 0.1421875 0.25625
2 0.1421875 0.5390625 0.0625 0.13125
2 0.1609375 0.44765625 0.0453125 0.0734375
2 0.70703125 0.31171875 0.0375 0.0625
2 0.7421875 0.30390625 0.028125 0.04375
2 0.25234375 0.28203125 0.028125 0.0390625
2 0.06328125 0.38828125 0.0453125 0.1140625
2 0.959375 0.34609375 0.0203125 0.04375
2 0.0765625 0.340625 0.0203125 0.0359375
2 0.21796875 0.29296875 0.025 0.0328125
2 0.6609375 0.2765625 0.0359375 0.0359375
4 0.4328125 0.33125 0.0125 0.05
2 0.81796875 0.25625 0.0203125 0.028125
2 0.74921875 0.26796875 0.028125 0.0359375
2 0.1546875 0.278125 0.021875 0.028125
4 0.87734375 0.4078125 0.0140625 0.0546875
2 0.0046875 0.39453125 0.009375 0.0421875
2 0.70703125 0.278125 0.028125 0.0390625
2 0.05625 0.309375 0.0171875 0.03125
2 0.034375 0.31875 0.0140625 0.03125
2 0.7390625 0.234375 0.015625 0.028125
2 0.046875 0.34140625 0.015625 0.03125
2 0.60546875 0.2875 0.053125 0.040625
2 0.72578125 0.221875 0.0203125 0.0296875
4 0.66015625 0.30390625 0.0140625 0.0390625