2 0.45859375 0.53671875 0.109375 0.121875
2 0.23046875 0.52890625 0.103125 0.0984375
2 0.9125 0.54609375 0.0609375 0.1828125
2 0.165625 0.4078125 0.0328125 0.0703125
2 0.38046875 0.35546875 0.0328125 0.0765625
2 0.3390625 0.34140625 0.034375 0.0484375
4 0.6171875 0.38671875 0.015625 0.0578125
2 0.29921875 0.37734375 0.0359375 0.0671875
4 0.21875 0.43125 0.0140625 0.0625
2 0.9625 0.37734375 0.028125 0.0453125
2 0.9859375 0.4140625 0.028125 0.0515625
2 0.1875 0.3296875 0.025 0.0390625
2 0.4328125 0.35 0.0421875 0.0703125
4 0.434375 0.40703125 0.015625 0.046875
4 0.23359375 0.4390625 0.0140625 0.065625
2 0.296875 0.34140625 0.034375 0.034375
4 0.48125 0.3765625 0.015625 0.046875
4 0.35078125 0.41953125 0.015625 0.05625
2 0.3609375 0.31640625 0.025 0.0390625
2 0.54375 0.8890625 0.1546875 0.1109375
1 0.85234375 0.409375 0.1609375 0.15625
4 0.50078125 0.409375 0.0109375 0.0640625
4 0.37421875 0.42578125 0.015625 0.0625