2 0.3359375 0.65078125 0.15 0.1453125
2 0.75546875 0.5390625 0.0859375 0.103125
2 0.66875 0.8546875 0.1921875 0.1765625
2 0.33828125 0.36171875 0.0375 0.0609375
2 0.840625 0.4515625 0.0453125 0.06875
4 0.05 0.60703125 0.0171875 0.090625
4 0.240625 0.590625 0.021875 0.0953125
4 0.1296875 0.60859375 0.021875 0.090625
4 0.5609375 0.4609375 0.01875 0.0671875
2 0.28359375 0.4046875 0.040625 0.08125
2 0.95859375 0.86171875 0.0828125 0.1765625
4 0.44140625 0.4625 0.0171875 0.075
4 0.8390625 0.61875 0.01875 0.08125
4 0.21484375 0.5328125 0.0171875 0.0703125
4 0.17265625 0.60546875 0.0203125 0.0859375
2 0.196875 0.44296875 0.040625 0.0703125
4 0.76640625 0.5953125 0.021875 0.0890625
4 0.07109375 0.8828125 0.0484375 0.15
4 0.2671875 0.4328125 0.015625 0.0640625
4 0.1921875 0.56640625 0.021875 0.0921875
4 0.88125 0.515625 0.0171875 0.0609375
3 0.8875 0.478125 0.021875 0.046875
4 0.459375 0.4609375 0.0140625 0.075