4 0.82109375 0.8640625 0.0390625 0.1375
4 0.659375 0.73359375 0.03359375 0.115625
2 0.1078125 0.92578125 0.18046875 0.1484375
2 0.27265625 0.83359375 0.15703125 0.1828125
2 0.4296875 0.72578125 0.13125 0.1453125
2 0.52265625 0.64375 0.09375 0.1390625
2 0.68203125 0.6078125 0.09296875 0.1203125
2 0.65859375 0.9140625 0.16015625 0.17109375
2 0.73359375 0.790625 0.11484375 0.18671875
2 0.853125 0.628125 0.06484375 0.11171875
2 0.69375 0.51875 0.0609375 0.08125
2 0.87109375 0.5296875 0.06484375 0.07421875
2 0.84453125 0.45234375 0.03828125 0.0703125
2 0.74453125 0.49609375 0.04375 0.06953125