2 0.30625 0.41171875 0.046875 0.0875
2 0.20546875 0.259375 0.03359375 0.09375
4 0.30859375 0.33984375 0.0109375 0.04765625
2 0.553125 0.5640625 0.08125 0.09375
4 0.59375 0.47578125 0.0203125 0.0578125
2 0.471875 0.51015625 0.07265625 0.0921875
4 0.94453125 0.63671875 0.01953125 0.0671875
2 0.1890625 0.190625 0.01875 0.028125
2 0.51640625 0.6109375 0.0734375 0.08984375
2 0.5703125 0.73203125 0.08671875 0.10859375
2 0.62734375 0.66796875 0.09296875 0.10390625
2 0.65546875 0.61640625 0.084375 0.09453125
2 0.775 0.67421875 0.0796875 0.09296875
2 0.7625 0.73984375 0.0796875 0.10546875
2 0.72734375 0.80625 0.090625 0.1
2 0.634375 0.94921875 0.11015625 0.10078125
2 0.4046875 0.821875 0.109375 0.12734375
2 0.8171875 0.93046875 0.08828125 0.09921875
2 0.85234375 0.85234375 0.0875 0.09921875
2 0.86015625 0.77421875 0.07578125 0.0921875
2 0.14609375 0.31484375 0.025 0.0609375
2 0.12578125 0.6703125 0.04921875 0.11015625