2 0.06796875 0.4953125 0.05 0.0796875
2 0.5375 0.39921875 0.046875 0.0703125
2 0.58984375 0.33359375 0.034375 0.0609375
2 0.6078125 0.378125 0.040625 0.0640625
2 0.0859375 0.375 0.03125 0.0359375
2 0.6484375 0.3875 0.0375 0.0671875
4 0.84921875 0.46953125 0.015625 0.0734375
2 0.69765625 0.340625 0.0265625 0.040625
2 0.68828125 0.3796875 0.0328125 0.0546875
2 0.0109375 0.4171875 0.021875 0.05625
4 0.7890625 0.446875 0.0140625 0.0734375
2 0.659375 0.3359375 0.0296875 0.0390625
4 0.02890625 0.584375 0.01875 0.0671875
4 0.80390625 0.459375 0.0125 0.0703125
2 0.1625 0.3796875 0.0234375 0.0453125
4 0.6671875 0.434375 0.015625 0.0640625
2 0.1984375 0.45703125 0.059375 0.0734375
0 0.18984375 0.47421875 0.0390625 0.06875