2 0.1234375 0.703125 0.0734375 0.171875
2 0.80546875 0.44140625 0.0609375 0.0625
2 0.903125 0.50234375 0.0453125 0.078125
2 0.175 0.459375 0.0390625 0.071875
2 0.07421875 0.4484375 0.05625 0.1203125
2 0.86171875 0.4734375 0.0515625 0.0734375
2 0.42734375 0.36171875 0.0359375 0.0609375
2 0.9109375 0.43203125 0.0390625 0.0609375
2 0.2078125 0.34375 0.0265625 0.0453125
2 0.571875 0.3640625 0.071875 0.053125
4 0.8296875 0.6 0.0234375 0.0890625
2 0.93671875 0.46796875 0.0390625 0.0703125
4 0.7921875 0.50859375 0.0171875 0.078125
2 0.36875 0.27734375 0.034375 0.059375
2 0.29765625 0.3546875 0.03125 0.0703125
2 0.33828125 0.34609375 0.0296875 0.0484375
4 0.35390625 0.42421875 0.0125 0.065625
4 0.371875 0.4265625 0.015625 0.0625
2 0.96953125 0.44140625 0.0328125 0.0578125
4 0.6984375 0.4953125 0.015625 0.0734375
2 0.36171875 0.38125 0.0359375 0.059375
4 0.53046875 0.4046875 0.015625 0.05625
4 0.12421875 0.4328125 0.0140625 0.059375
2 0.378125 0.34453125 0.0296875 0.0515625
4 0.9875 0.53046875 0.01875 0.0609375
2 0.33125 0.315625 0.0265625 0.05
2 0.94765625 0.4203125 0.025 0.0421875
4 0.2203125 0.4546875 0.015625 0.071875
1 0.89375 0.3875 0.1421875 0.10625