2 0.86015625 0.67421875 0.0671875 0.1609375
2 0.19765625 0.45703125 0.0625 0.071875
2 0.0984375 0.55859375 0.0546875 0.1109375
2 0.93671875 0.55 0.0515625 0.0984375
2 0.071875 0.4953125 0.0421875 0.0890625
2 0.08125 0.43359375 0.0390625 0.0640625
2 0.87109375 0.4796875 0.0421875 0.0734375
2 0.8125 0.43984375 0.034375 0.0703125
2 0.6640625 0.353125 0.034375 0.08125
2 0.1390625 0.4765625 0.053125 0.0875
2 0.8359375 0.4046875 0.03125 0.0609375
2 0.975 0.821875 0.05 0.1921875
2 0.81953125 0.3375 0.0265625 0.0484375
2 0.1171875 0.40859375 0.040625 0.05
2 0.86640625 0.32890625 0.0359375 0.0625
2 0.78359375 0.3171875 0.0203125 0.04375
2 0.54765625 0.3234375 0.0421875 0.06875
2 0.60234375 0.36875 0.0359375 0.0640625
2 0.82265625 0.30546875 0.028125 0.046875
2 0.621875 0.33828125 0.0296875 0.0546875
2 0.90390625 0.40546875 0.0375 0.0953125
2 0.69609375 0.384375 0.028125 0.0640625
2 0.709375 0.309375 0.025 0.04375
2 0.678125 0.29375 0.021875 0.034375
2 0.7015625 0.353125 0.03125 0.046875
4 0.678125 0.41875 0.015625 0.065625
2 0.8078125 0.28828125 0.0171875 0.034375
2 0.04609375 0.4109375 0.0375 0.0609375
2 0.6296875 0.32890625 0.028125 0.053125
2 0.70703125 0.328125 0.025 0.0328125
2 0.14765625 0.5328125 0.025 0.071875
4 0.04140625 0.55 0.021875 0.0734375
4 0.35703125 0.36640625 0.0109375 0.0578125
4 0.73984375 0.48046875 0.0140625 0.0765625
4 0.7578125 0.46171875 0.009375 0.0703125