2 0.54921875 0.50234375 0.078125 0.134375
2 0.26484375 0.60234375 0.078125 0.1375
2 0.90234375 0.55703125 0.05625 0.1140625
2 0.584375 0.87890625 0.1390625 0.240625
2 0.80234375 0.45625 0.059375 0.0734375
2 0.3953125 0.48359375 0.0546875 0.0984375
2 0.9296875 0.496875 0.04375 0.09375
2 0.34296875 0.35390625 0.03125 0.0546875
2 0.43359375 0.4359375 0.0546875 0.0828125
2 0.7515625 0.39140625 0.0546875 0.0515625
2 0.32109375 0.43125 0.0390625 0.08125
2 0.39296875 0.38046875 0.0375 0.0609375
2 0.89609375 0.4484375 0.0453125 0.0796875
2 0.44140625 0.3625 0.0578125 0.1046875
2 0.36953125 0.315625 0.034375 0.0515625
4 0.16875 0.43359375 0.0140625 0.0578125
2 0.2921875 0.3265625 0.028125 0.04375
2 0.3265625 0.30546875 0.0265625 0.040625
2 0.3046875 0.3796875 0.03125 0.0578125
2 0.3484375 0.29140625 0.0203125 0.040625
4 0.0796875 0.4765625 0.0171875 0.0734375
4 0.14609375 0.45703125 0.0171875 0.059375
2 0.2875 0.28515625 0.0203125 0.040625
2 0.1734375 0.26015625 0.0265625 0.059375
4 0.03046875 0.515625 0.01875 0.0734375
4 0.99296875 0.5171875 0.0140625 0.0578125
2 0.31875 0.2796875 0.0203125 0.03125
0 0.6109375 0.4765625 0.0390625 0.0859375