2 0.14453125 0.41484375 0.0453125 0.0828125
2 0.70625 0.3171875 0.0390625 0.05
2 0.06484375 0.46015625 0.034375 0.06875
2 0.10078125 0.434375 0.034375 0.0640625
2 0.109375 0.3828125 0.0328125 0.0546875
2 0.7046875 0.2703125 0.0171875 0.034375
2 0.05390625 0.428125 0.0296875 0.0578125
2 0.92265625 0.28984375 0.01875 0.0359375
3 0.6125 0.346875 0.03125 0.0453125
2 0.73203125 0.2390625 0.0359375 0.0421875
2 0.07109375 0.3921875 0.0234375 0.0421875
2 0.08046875 0.41171875 0.0234375 0.0484375
2 0.0625 0.3625 0.021875 0.034375
4 0.91953125 0.41875 0.0171875 0.0546875
3 0.90546875 0.5484375 0.0515625 0.0859375
4 0.80703125 0.36640625 0.009375 0.0546875
3 0.68203125 0.29140625 0.0171875 0.040625