2 0.35703125 0.63125 0.09296875 0.0953125
2 0.87421875 0.57421875 0.059375 0.1359375
2 0.57890625 0.68671875 0.1640625 0.23125
2 0.15234375 0.553125 0.05078125 0.06640625
2 0.68046875 0.56171875 0.08984375 0.09296875
2 0.26875 0.59140625 0.0796875 0.08515625
2 0.16328125 0.6984375 0.12109375 0.17890625
4 0.9109375 0.71796875 0.01875 0.08515625
2 0.915625 0.51328125 0.03515625 0.0578125
4 0.88359375 0.7109375 0.03046875 0.11328125
2 0.73203125 0.53671875 0.0484375 0.065625
2 0.7640625 0.5078125 0.05078125 0.0640625
2 0.24296875 0.88125 0.18046875 0.14765625
2 0.07890625 0.94609375 0.1578125 0.1078125