2 0.1015625 0.67890625 0.0640625 0.165625
2 0.56875 0.3546875 0.04375 0.075
2 0.16953125 0.43515625 0.059375 0.0640625
2 0.8484375 0.38125 0.03125 0.046875
2 0.85546875 0.45078125 0.0359375 0.075
2 0.70078125 0.3828125 0.0359375 0.06875
4 0.79140625 0.42734375 0.0140625 0.0546875
2 0.6078125 0.36953125 0.0359375 0.05625
2 0.65703125 0.36875 0.0359375 0.0671875
2 0.81171875 0.3125 0.021875 0.0421875
4 0.034375 0.56171875 0.015625 0.0671875
2 0.83203125 0.290625 0.0203125 0.034375
4 0.0078125 0.49609375 0.015625 0.0546875
2 0.6421875 0.31015625 0.0234375 0.0359375
2 0.62890625 0.3421875 0.0265625 0.0484375
4 0.32890625 0.36875 0.015625 0.0546875
4 0.2609375 0.36640625 0.0125 0.0390625
4 0.4484375 0.38984375 0.015625 0.05625
2 0.87734375 0.3203125 0.021875 0.0421875
2 0.809375 0.2640625 0.015625 0.025
4 0.8140625 0.490625 0.0203125 0.075
4 0.8171875 0.44453125 0.015625 0.0703125