2 0.89609375 0.57734375 0.05625 0.1171875
2 0.8 0.45546875 0.0609375 0.071875
2 0.43984375 0.3484375 0.0515625 0.10625
2 0.72421875 0.38828125 0.0609375 0.053125
2 0.49921875 0.3515625 0.053125 0.0578125
2 0.93359375 0.50234375 0.04375 0.0984375
2 0.86171875 0.47578125 0.0515625 0.0875
2 0.3046875 0.38515625 0.034375 0.0640625
4 0.07109375 0.50625 0.0203125 0.075
2 0.3359375 0.35390625 0.034375 0.0828125
2 0.88125 0.4078125 0.0390625 0.0515625
2 0.396875 0.36640625 0.0359375 0.0625
2 0.91796875 0.434375 0.0375 0.0625
4 0.9734375 0.51484375 0.0140625 0.0625
2 0.378125 0.33828125 0.03125 0.0546875
2 0.34921875 0.28828125 0.028125 0.0515625
4 0.18828125 0.459375 0.0140625 0.0625
4 0.1453125 0.5 0.0140625 0.0765625
4 0.640625 0.37890625 0.0140625 0.0546875
2 0.95234375 0.46171875 0.028125 0.053125
4 0.1125 0.51484375 0.0171875 0.0734375
4 0.1734375 0.50703125 0.01875 0.06875
4 0.0453125 0.4828125 0.015625 0.0625
2 0.28984375 0.31328125 0.0265625 0.05
2 0.29609375 0.35 0.028125 0.046875
2 0.16171875 0.28125 0.0234375 0.05
2 0.95 0.4171875 0.028125 0.0515625
4 0.99296875 0.478125 0.0125 0.0484375
4 0.08984375 0.47578125 0.0125 0.065625
2 0.97109375 0.4375 0.021875 0.0421875
2 0.2921875 0.3265625 0.028125 0.040625
3 0.85 0.5359375 0.03125 0.071875
0 0.1515625 0.40546875 0.0125 0.0578125
4 0.1625 0.43125 0.0140625 0.0578125
4 0.10859375 0.46640625 0.0125 0.0515625
4 0.12734375 0.46328125 0.0140625 0.0640625