2 0.85234375 0.4609375 0.053125 0.0703125
2 0.7765625 0.446875 0.0703125 0.09375
2 0.89609375 0.43828125 0.034375 0.05625
2 0.91015625 0.49453125 0.0375 0.08125
2 0.87421875 0.38125 0.0328125 0.0390625
2 0.38125 0.36796875 0.03125 0.059375
2 0.465625 0.3390625 0.046875 0.046875
2 0.93359375 0.46015625 0.034375 0.0609375
2 0.325 0.309375 0.028125 0.0453125
2 0.9765625 0.41328125 0.0328125 0.053125
2 0.634375 0.37109375 0.0640625 0.065625
4 0.3578125 0.40390625 0.009375 0.059375
4 0.30078125 0.4140625 0.015625 0.0796875
2 0.92421875 0.4140625 0.03125 0.040625
4 0.853125 0.5515625 0.01875 0.0734375
4 0.15703125 0.44375 0.015625 0.0671875
4 0.325 0.40859375 0.0125 0.0609375
3 0.490625 0.41875 0.04375 0.0671875
4 0.1328125 0.47578125 0.0140625 0.0640625
4 0.40078125 0.40234375 0.0125 0.059375
2 0.38671875 0.2734375 0.0234375 0.0390625
2 0.99375 0.3984375 0.0125 0.05
4 0.503125 0.3671875 0.0125 0.05