2 0.5203125 0.57734375 0.084375 0.1453125
2 0.353125 0.50625 0.05625 0.1125
2 0.90234375 0.55703125 0.0578125 0.1125
2 0.434375 0.3546875 0.0578125 0.109375
2 0.8015625 0.45625 0.0609375 0.071875
2 0.9296875 0.4953125 0.0453125 0.0984375
2 0.37578125 0.42109375 0.046875 0.0796875
2 0.571875 0.8859375 0.1328125 0.2265625
2 0.865625 0.4796875 0.05625 0.1
2 0.3125 0.37421875 0.0359375 0.08125
4 0.15859375 0.46796875 0.0140625 0.0609375
2 0.35546875 0.31015625 0.0296875 0.0453125
2 0.953125 0.46640625 0.0390625 0.0640625
4 0.6171875 0.36640625 0.0140625 0.0546875
4 0.11171875 0.4515625 0.0109375 0.059375
0 0.61640625 0.4734375 0.0390625 0.0828125
4 0.2984375 0.32890625 0.0140625 0.034375
2 0.1234375 0.32421875 0.0203125 0.0421875
3 0.94765625 0.825 0.0421875 0.1359375