2 0.38515625 0.7578125 0.1359375 0.2390625
2 0.3984375 0.51015625 0.1 0.0953125
2 0.09375 0.54140625 0.0484375 0.11875
2 0.12890625 0.4734375 0.0546875 0.096875
2 0.2234375 0.45703125 0.06875 0.078125
2 0.265625 0.39140625 0.071875 0.05625
2 0.5578125 0.3515625 0.0546875 0.10625
4 0.84921875 0.4515625 0.0171875 0.0671875
2 0.065625 0.48203125 0.0390625 0.071875
4 0.92734375 0.525 0.0171875 0.0796875
2 0.1390625 0.4140625 0.0453125 0.0546875
2 0.6953125 0.3859375 0.0359375 0.0625
2 0.603125 0.36640625 0.0359375 0.0609375
0 0.8453125 0.346875 0.0125 0.05
4 0.675 0.4390625 0.0125 0.0640625
2 0.6640625 0.35703125 0.0359375 0.078125
2 0.62265625 0.33671875 0.0328125 0.0578125
2 0.0796875 0.37890625 0.0421875 0.0609375
2 0.03984375 0.44609375 0.03125 0.0546875
3 0.2171875 0.590625 0.0359375 0.10625
2 0.64921875 0.278125 0.028125 0.0703125
2 0.04921875 0.40625 0.0265625 0.0390625
2 0.08125 0.434375 0.034375 0.05
2 0.709375 0.3125 0.025 0.0484375
4 0.01328125 0.48046875 0.0140625 0.05625
2 0.703125 0.34765625 0.03125 0.040625
2 0.70703125 0.3296875 0.0265625 0.0359375
2 0.0265625 0.3890625 0.0265625 0.0390625
2 0.678125 0.30078125 0.0234375 0.046875
4 0.3203125 0.42421875 0.0140625 0.059375
4 0.26640625 0.40625 0.0109375 0.059375
2 0.51171875 0.34609375 0.0515625 0.053125
4 0.5078125 0.365625 0.009375 0.05625
4 0.7109375 0.43984375 0.0203125 0.0671875
4 0.95625 0.5046875 0.015625 0.0703125