2 0.10390625 0.57734375 0.05625 0.1171875
2 0.2 0.45546875 0.0609375 0.071875
2 0.56015625 0.3484375 0.0515625 0.10625
2 0.27578125 0.38828125 0.0609375 0.053125
2 0.50078125 0.3515625 0.053125 0.0578125
2 0.06640625 0.50234375 0.04375 0.0984375
2 0.13828125 0.47578125 0.0515625 0.0875
2 0.6953125 0.38515625 0.034375 0.0640625
4 0.92890625 0.50625 0.0203125 0.075
2 0.6640625 0.35390625 0.034375 0.0828125
2 0.11875 0.4078125 0.0390625 0.0515625
2 0.603125 0.36640625 0.0359375 0.0625
2 0.08203125 0.434375 0.0375 0.0625
4 0.0265625 0.51484375 0.0140625 0.0625
2 0.621875 0.33828125 0.03125 0.0546875
2 0.65078125 0.28828125 0.028125 0.0515625
4 0.81171875 0.459375 0.0140625 0.0625
4 0.8546875 0.5 0.0140625 0.0765625
4 0.359375 0.37890625 0.0140625 0.0546875
2 0.04765625 0.46171875 0.028125 0.053125
4 0.8875 0.51484375 0.0171875 0.0734375
4 0.8265625 0.50703125 0.01875 0.06875
4 0.9546875 0.4828125 0.015625 0.0625
2 0.71015625 0.31328125 0.0265625 0.05
2 0.70390625 0.35 0.028125 0.046875
2 0.83828125 0.28125 0.0234375 0.05
2 0.05 0.4171875 0.028125 0.0515625
4 0.00703125 0.478125 0.0125 0.0484375
4 0.91015625 0.47578125 0.0125 0.065625
2 0.02890625 0.4375 0.021875 0.0421875
2 0.7078125 0.3265625 0.028125 0.040625
3 0.15 0.5359375 0.03125 0.071875
0 0.8484375 0.40546875 0.0125 0.0578125
4 0.8375 0.43125 0.0140625 0.0578125
4 0.89140625 0.46640625 0.0125 0.0515625
4 0.87265625 0.46328125 0.0140625 0.0640625