2 0.27109375 0.8359375 0.16015625 0.17265625
2 0.44453125 0.72578125 0.15703125 0.1453125
2 0.69296875 0.69921875 0.0984375 0.11796875
2 0.85625 0.63515625 0.0625 0.11171875
2 0.5234375 0.64765625 0.1015625 0.14921875
2 0.7953125 0.578125 0.05390625 0.08125
2 0.70078125 0.52421875 0.06015625 0.08203125
2 0.72109375 0.815625 0.134375 0.26328125
2 0.10859375 0.90546875 0.19140625 0.103125
2 0.865625 0.5359375 0.05390625 0.08515625
2 0.82890625 0.45390625 0.0328125 0.04375
2 0.66015625 0.89140625 0.190625 0.1765625