2 0.07890625 0.7171875 0.0703125 0.1578125
2 0.08671875 0.49296875 0.0421875 0.0890625
2 0.2625 0.39140625 0.065625 0.0578125
4 0.63984375 0.42421875 0.01875 0.0609375
2 0.7 0.36328125 0.03125 0.0546875
2 0.54453125 0.3265625 0.0359375 0.0625
2 0.22109375 0.4375 0.065625 0.071875
2 0.05859375 0.425 0.034375 0.0484375
2 0.61953125 0.3453125 0.028125 0.059375
4 0.51640625 0.41171875 0.0140625 0.059375
2 0.571875 0.35546875 0.0390625 0.0671875
2 0.65 0.37890625 0.034375 0.0609375
4 0.55859375 0.3921875 0.0109375 0.0546875
2 0.04609375 0.3640625 0.0296875 0.0390625
2 0.8359375 0.31953125 0.0234375 0.0546875
4 0.04765625 0.6265625 0.0203125 0.0859375
2 0.10859375 0.3734375 0.034375 0.0390625
4 0.8953125 0.4984375 0.0140625 0.0875
2 0.665625 0.340625 0.0328125 0.046875
2 0.1015625 0.40078125 0.0375 0.0546875
4 0.928125 0.475 0.0125 0.0859375
4 0.52109375 0.409375 0.0140625 0.059375
4 0.90859375 0.5203125 0.0140625 0.0703125
2 0.70390625 0.32578125 0.0234375 0.0328125
2 0.24765625 0.72421875 0.18125 0.5515625