2 0.1546875 0.68046875 0.0671875 0.16875
2 0.05078125 0.58515625 0.0609375 0.1125
2 0.83984375 0.48515625 0.0640625 0.08125
2 0.10625 0.5515625 0.0515625 0.0921875
2 0.31484375 0.3796875 0.0296875 0.0625
2 0.91171875 0.51015625 0.04375 0.0953125
2 0.14921875 0.4515625 0.034375 0.0703125
2 0.43359375 0.3625 0.0390625 0.059375
2 0.91171875 0.4390625 0.04375 0.0609375
2 0.2078125 0.3421875 0.0265625 0.0515625
2 0.95 0.4734375 0.0484375 0.084375
2 0.1203125 0.42734375 0.0328125 0.065625
2 0.1984375 0.41640625 0.03125 0.0640625
2 0.0796875 0.428125 0.0453125 0.1046875
2 0.39140625 0.37578125 0.0390625 0.0671875
2 0.16484375 0.35 0.0296875 0.04375
2 0.35234375 0.3828125 0.034375 0.065625
2 0.1640625 0.39453125 0.028125 0.05625
2 0.8921875 0.40234375 0.04375 0.059375
2 0.3015625 0.34140625 0.025 0.046875
2 0.9859375 0.428125 0.028125 0.0546875
2 0.9375 0.3859375 0.0375 0.04375
2 0.340625 0.33359375 0.028125 0.04375
4 0.34609375 0.42265625 0.0140625 0.059375
4 0.98515625 0.64765625 0.0234375 0.0859375
2 0.18984375 0.31015625 0.01875 0.04375
4 0.46953125 0.43046875 0.0140625 0.059375
0 0.91328125 0.6125 0.03125 0.090625
2 0.4328125 0.3109375 0.03125 0.046875
2 0.37890625 0.3375 0.028125 0.0390625
2 0.83828125 0.42578125 0.0546875 0.0578125
2 0.1171875 0.3453125 0.0328125 0.0640625
2 0.2171875 0.29140625 0.01875 0.0328125
2 0.82109375 0.39921875 0.065625 0.053125
2 0.17109375 0.29609375 0.01875 0.034375
4 0.98828125 0.52421875 0.015625 0.065625
2 0.29375 0.31328125 0.0234375 0.0421875
2 0.3234375 0.2921875 0.021875 0.0390625
4 0.78828125 0.4140625 0.015625 0.05
3 0.85625 0.5078125 0.021875 0.06875