2 0.8765625 0.703125 0.0734375 0.171875
2 0.19453125 0.44140625 0.0609375 0.0625
2 0.096875 0.50234375 0.0453125 0.078125
2 0.825 0.459375 0.0390625 0.071875
2 0.92578125 0.4484375 0.05625 0.1203125
2 0.13828125 0.4734375 0.0515625 0.0734375
2 0.57265625 0.36171875 0.0359375 0.0609375
2 0.0890625 0.43203125 0.0390625 0.0609375
2 0.7921875 0.34375 0.0265625 0.0453125
2 0.428125 0.3640625 0.071875 0.053125
4 0.1703125 0.6 0.0234375 0.0890625
2 0.06328125 0.46796875 0.0390625 0.0703125
4 0.2078125 0.50859375 0.0171875 0.078125
2 0.63125 0.27734375 0.034375 0.059375
2 0.70234375 0.3546875 0.03125 0.0703125
2 0.66171875 0.34609375 0.0296875 0.0484375
4 0.64609375 0.42421875 0.0125 0.065625
4 0.628125 0.4265625 0.015625 0.0625
2 0.03046875 0.44140625 0.0328125 0.0578125
4 0.3015625 0.4953125 0.015625 0.0734375
2 0.63828125 0.38125 0.0359375 0.059375
4 0.46953125 0.4046875 0.015625 0.05625
4 0.87578125 0.4328125 0.0140625 0.059375
2 0.621875 0.34453125 0.0296875 0.0515625
4 0.0125 0.53046875 0.01875 0.0609375
2 0.66875 0.315625 0.0265625 0.05
2 0.05234375 0.4203125 0.025 0.0421875
4 0.7796875 0.4546875 0.015625 0.071875
1 0.10625 0.3875 0.1421875 0.10625