2 0.35703125 0.51328125 0.07734375 0.10625
2 0.5703125 0.596875 0.08359375 0.08671875
4 0.62734375 0.50625 0.0328125 0.09921875
4 0.796875 0.5375 0.02265625 0.0609375
2 0.82734375 0.95625 0.05546875 0.07578125
2 0.51328125 0.19140625 0.03046875 0.06171875
2 0.5125 0.0375 0.021875 0.03359375
4 0.665625 0.30859375 0.0171875 0.05703125
4 0.73203125 0.14453125 0.01328125 0.04296875
2 0.14921875 0.575 0.0359375 0.0953125
4 0.8625 0.35234375 0.01953125 0.06953125
4 0.9484375 0.1375 0.01015625 0.03046875
4 0.85 0.2375 0.01328125 0.06953125
4 0.1984375 0.3765625 0.0265625 0.084375
4 0.984375 0.47265625 0.02890625 0.23984375
4 0.86171875 0.59921875 0.040625 0.10625
4 0.61171875 0.14453125 0.0203125 0.0359375
2 0.6546875 0.0140625 0.0125 0.01796875
2 0.39453125 0.7609375 0.09609375 0.090625
2 0.57421875 0.82578125 0.10078125 0.11171875