2 0.25625 0.63125 0.09375 0.15625
2 0.4296875 0.703125 0.125 0.1609375
2 0.78671875 0.628125 0.1140625 0.1515625
2 0.56875 0.46640625 0.0859375 0.109375
2 0.35 0.384375 0.05625 0.078125
2 0.48671875 0.390625 0.0609375 0.078125
2 0.78984375 0.5625 0.10625 0.1140625
2 0.09296875 0.40859375 0.0328125 0.0703125
2 0.16953125 0.38984375 0.0359375 0.0625
2 0.175 0.46640625 0.0484375 0.096875
0 0.7140625 0.4171875 0.0328125 0.0578125
2 0.90625 0.45390625 0.0328125 0.075
2 0.33203125 0.28125 0.0421875 0.0375
2 0.440625 0.2890625 0.0546875 0.046875
2 0.9265625 0.334375 0.0203125 0.03125
2 0.18984375 0.2515625 0.0203125 0.0375
2 0.234375 0.26328125 0.028125 0.0328125
2 0.2828125 0.26796875 0.0328125 0.03125
2 0.04140625 0.34453125 0.01875 0.0390625
4 0.9265625 0.49765625 0.0140625 0.0625
3 0.64375 0.43203125 0.040625 0.075
2 0.2609375 0.23828125 0.028125 0.0328125
2 0.9546875 0.2890625 0.0125 0.0203125
4 0.85234375 0.45859375 0.0125 0.046875
2 0.96953125 0.31640625 0.0140625 0.021875
2 0.34375 0.89921875 0.178125 0.2
0 0.33984375 0.30390625 0.0171875 0.0375