2 0.44765625 0.71875 0.1515625 0.2109375
2 0.0828125 0.49453125 0.05 0.08125
0 0.66875 0.4375 0.0359375 0.071875
2 0.11171875 0.61953125 0.05625 0.140625
2 0.840625 0.45234375 0.0390625 0.0859375
2 0.7 0.36171875 0.0328125 0.0515625
2 0.571875 0.359375 0.040625 0.06875
2 0.61875 0.346875 0.028125 0.0609375
2 0.82421875 0.33125 0.021875 0.0421875
2 0.65078125 0.37578125 0.034375 0.059375
2 0.48359375 0.35703125 0.0578125 0.0546875
4 0.675 0.415625 0.0109375 0.053125
4 0.0484375 0.628125 0.0171875 0.0890625
2 0.03125 0.43125 0.0421875 0.0640625
2 0.665625 0.33984375 0.0328125 0.04375
2 0.34453125 0.38046875 0.0734375 0.0671875
2 0.70390625 0.32578125 0.025 0.03125
4 0.775 0.44453125 0.015625 0.06875
2 0.60546875 0.5359375 0.1328125 0.1390625
4 0.00546875 0.49453125 0.0109375 0.059375
4 0.021875 0.5 0.0125 0.05625
2 0.103125 0.43984375 0.0421875 0.0578125
2 0.7078125 0.30390625 0.0203125 0.0234375
2 0.075 0.39765625 0.0890625 0.11875
2 0.5765625 0.2984375 0.028125 0.04375
2 0.04296875 0.89453125 0.0859375 0.2015625