2 0.209375 0.609375 0.078125 0.1515625
2 0.1015625 0.4828125 0.0390625 0.0734375
2 0.13359375 0.428125 0.0421875 0.078125
2 0.70859375 0.3109375 0.0375 0.059375
2 0.7421875 0.303125 0.0265625 0.04375
2 0.06875 0.40078125 0.028125 0.0546875
2 0.9578125 0.34453125 0.01875 0.04375
2 0.7390625 0.23359375 0.01875 0.0296875
2 0.6625 0.27421875 0.0328125 0.0375
2 0.81875 0.25390625 0.021875 0.03125
2 0.05703125 0.3453125 0.01875 0.0375
2 0.753125 0.2671875 0.028125 0.0328125
1 0.42421875 0.825 0.4140625 0.35
4 0.5 0.29921875 0.0140625 0.0484375
2 0.70625 0.278125 0.028125 0.0390625
2 0.0421875 0.32421875 0.0171875 0.0328125
4 0.66015625 0.30234375 0.0140625 0.0390625
2 0.07109375 0.36953125 0.0203125 0.03125