2 0.31796875 0.6515625 0.1703125 0.2890625
2 0.56953125 0.59453125 0.0796875 0.165625
2 0.16328125 0.4859375 0.0609375 0.0796875
2 0.68515625 0.41796875 0.040625 0.0890625
2 0.059375 0.48046875 0.04375 0.0734375
2 0.11484375 0.51171875 0.0515625 0.08125
4 0.23984375 0.4984375 0.01875 0.0703125
4 0.790625 0.4390625 0.015625 0.0671875
2 0.184375 0.39453125 0.05625 0.05
2 0.16875 0.440625 0.05625 0.059375
2 0.10625 0.44453125 0.04375 0.0640625
4 0.14765625 0.578125 0.021875 0.0765625
2 0.61875 0.33515625 0.034375 0.059375
2 0.125 0.40625 0.040625 0.0515625
2 0.69921875 0.35546875 0.03125 0.053125
2 0.04453125 0.38828125 0.046875 0.075
0 0.9171875 0.4984375 0.0296875 0.059375
2 0.8765625 0.32265625 0.021875 0.0453125
4 0.01875 0.49453125 0.015625 0.0640625
2 0.57421875 0.30859375 0.028125 0.0453125
4 0.925 0.46640625 0.0171875 0.0515625
2 0.58046875 0.40234375 0.0671875 0.1328125
2 0.70703125 0.28359375 0.0234375 0.04375
4 0.46015625 0.3953125 0.0171875 0.0578125
2 0.375 0.8921875 0.1375 0.09375
4 0.375 0.37734375 0.0140625 0.053125
2 0.0921875 0.39453125 0.03125 0.0375
2 0.0625 0.425 0.0375 0.05
2 0.70859375 0.5828125 0.0796875 0.171875