2 0.1515625 0.64765625 0.059375 0.1296875
2 0.09921875 0.565625 0.0546875 0.1203125
2 0.178125 0.4953125 0.0421875 0.0859375
2 0.59765625 0.36875 0.075 0.0703125
2 0.75546875 0.38203125 0.053125 0.059375
2 0.8328125 0.47890625 0.0625 0.078125
2 0.43359375 0.36171875 0.040625 0.0625
2 0.1328125 0.46015625 0.040625 0.071875
2 0.90859375 0.5078125 0.04375 0.0984375
2 0.20859375 0.36015625 0.028125 0.0515625
2 0.9484375 0.47265625 0.0453125 0.08125
2 0.3515625 0.3828125 0.0359375 0.065625
2 0.08125 0.4296875 0.0484375 0.1109375
2 0.3125 0.37578125 0.0328125 0.0625
2 0.17109375 0.35546875 0.0265625 0.0484375
2 0.39140625 0.3734375 0.0375 0.065625
2 0.396875 0.315625 0.0328125 0.053125
4 0.35390625 0.434375 0.015625 0.0625
2 0.1296875 0.884375 0.103125 0.1140625
4 0.68359375 0.371875 0.015625 0.0484375
2 0.88828125 0.40234375 0.0375 0.05
2 0.90078125 0.4515625 0.0453125 0.071875
2 0.0296875 0.8640625 0.059375 0.1734375
2 0.9859375 0.4265625 0.028125 0.0515625
2 0.3015625 0.34140625 0.0265625 0.0453125
2 0.94765625 0.36015625 0.0234375 0.0390625
2 0.83828125 0.428125 0.0546875 0.046875
2 0.3390625 0.33515625 0.03125 0.0421875
2 0.11640625 0.3515625 0.0390625 0.0796875
2 0.21640625 0.296875 0.01875 0.0359375
4 0.97265625 0.5609375 0.021875 0.071875
4 0.72578125 0.51796875 0.015625 0.0703125
4 0.73984375 0.5125 0.015625 0.0703125
2 0.1921875 0.28515625 0.01875 0.040625
0 0.9140625 0.61171875 0.0296875 0.09375
4 0.221875 0.44375 0.0140625 0.08125
2 0.17890625 0.31484375 0.021875 0.0375
2 0.92421875 0.3890625 0.03125 0.0453125
3 0.8546875 0.50546875 0.0234375 0.0671875