2 0.5546875 0.53125 0.084375 0.1515625
2 0.85390625 0.4609375 0.05625 0.071875
2 0.38046875 0.4671875 0.0546875 0.09375
2 0.315625 0.4234375 0.0390625 0.0765625
2 0.77890625 0.4453125 0.06875 0.090625
2 0.75625 0.38203125 0.0671875 0.06875
2 0.9125 0.49453125 0.0421875 0.090625
2 0.40234375 0.38984375 0.0390625 0.0796875
2 0.29921875 0.359375 0.03125 0.0515625
4 0.68203125 0.37265625 0.0140625 0.0515625
4 0.79921875 0.52109375 0.01875 0.08125
2 0.9546875 0.434375 0.03125 0.0515625
2 0.4015625 0.3234375 0.0390625 0.06875
2 0.878125 0.3796875 0.0328125 0.0390625
2 0.90703125 0.365625 0.028125 0.0421875
2 0.3671875 0.33203125 0.0328125 0.0609375
2 0.33984375 0.3546875 0.0359375 0.0578125
4 0.2046875 0.43984375 0.0171875 0.059375
2 0.9578125 0.37109375 0.03125 0.0515625
2 0.9234375 0.41796875 0.034375 0.0484375
4 0.071875 0.4734375 0.015625 0.0734375
2 0.9859375 0.4046875 0.028125 0.0484375
2 0.48203125 0.3453125 0.0578125 0.053125
2 0.29375 0.32109375 0.0234375 0.0390625
2 0.9359375 0.4609375 0.03125 0.05625
2 0.33046875 0.3265625 0.0234375 0.046875