2 0.4734375 0.59296875 0.09375 0.1453125
2 0.59296875 0.56640625 0.075 0.1703125
2 0.27890625 0.7390625 0.115625 0.175
2 0.565625 0.446875 0.059375 0.103125
2 0.44765625 0.5203125 0.0828125 0.128125
2 0.0828125 0.53359375 0.040625 0.09375
2 0.06640625 0.4875 0.0375 0.0765625
2 0.29921875 0.3859375 0.075 0.053125
2 0.6125 0.38125 0.0421875 0.0640625
2 0.696875 0.39453125 0.03125 0.0671875
2 0.1171875 0.4984375 0.0578125 0.0921875
2 0.58671875 0.34453125 0.0328125 0.053125
2 0.27109375 0.9015625 0.1578125 0.1953125
2 0.11640625 0.42890625 0.071875 0.1046875
2 0.69921875 0.49453125 0.0453125 0.096875
2 0.42890625 0.36953125 0.06875 0.0546875
2 0.66484375 0.34453125 0.034375 0.0625
2 0.55859375 0.321875 0.0328125 0.046875
4 0.37265625 0.40625 0.015625 0.05625
2 0.4453125 0.859375 0.134375 0.1640625
4 0.11953125 0.58203125 0.0203125 0.0734375
2 0.6546875 0.29296875 0.0265625 0.046875
2 0.709375 0.3109375 0.028125 0.0515625
2 0.196875 0.45078125 0.08125 0.0953125
2 0.034375 0.44296875 0.04375 0.0859375
4 0.246875 0.4765625 0.015625 0.071875
4 0.98359375 0.52109375 0.0171875 0.0625
2 0.87734375 0.3234375 0.021875 0.0453125
0 0.73125 0.4671875 0.0265625 0.053125
2 0.93984375 0.896875 0.1203125 0.096875
3 0.5203125 0.415625 0.021875 0.06875
4 0.93203125 0.4640625 0.0109375 0.0703125
2 0.675 0.30234375 0.0234375 0.03125
2 0.215625 0.459375 0.0609375 0.0796875
2 0.6875 0.290625 0.0203125 0.0328125