2 0.59609375 0.6953125 0.1796875 0.2890625
2 0.33046875 0.42734375 0.084375 0.0828125
2 0.83984375 0.5546875 0.0625 0.1125
2 0.84140625 0.434375 0.046875 0.0859375
2 0.88671875 0.465625 0.040625 0.078125
2 0.88515625 0.3890625 0.03125 0.046875
2 0.94765625 0.4203125 0.025 0.05
2 0.90625 0.35390625 0.0234375 0.040625
2 0.04609375 0.36953125 0.040625 0.0609375
2 0.72578125 0.2921875 0.03125 0.0390625
2 0.259375 0.31640625 0.0390625 0.0484375
2 0.93828125 0.36796875 0.021875 0.0421875
2 0.95234375 0.34375 0.0171875 0.0328125
4 0.28359375 0.340625 0.0125 0.040625
2 0.2609375 0.240625 0.0265625 0.040625
4 0.49140625 0.2890625 0.0109375 0.040625
2 0.16015625 0.27734375 0.0203125 0.0328125
2 0.9265625 0.33359375 0.01875 0.0328125
2 0.2203125 0.27890625 0.028125 0.0390625
2 0.965625 0.3203125 0.015625 0.025
2 0.1921875 0.2734375 0.0203125 0.0359375
4 0.4875 0.29453125 0.0109375 0.0390625
2 0.04140625 0.34140625 0.0203125 0.028125
4 0.68515625 0.38046875 0.0125 0.0484375
2 0.9953125 0.39375 0.009375 0.0421875
2 0.0171875 0.41953125 0.034375 0.0609375