2 0.33828125 0.36171875 0.034375 0.0609375
4 0.39765625 0.66875 0.0296875 0.1140625
2 0.83828125 0.453125 0.046875 0.0640625
4 0.28515625 0.5640625 0.01875 0.1015625
2 0.9734375 0.6046875 0.053125 0.0984375
4 0.134375 0.89375 0.040625 0.1453125
4 0.55703125 0.74765625 0.0296875 0.1359375
4 0.753125 0.48515625 0.0171875 0.0625
4 0.59765625 0.7390625 0.0328125 0.109375
4 0.19453125 0.528125 0.0203125 0.08125
4 0.12109375 0.78359375 0.0328125 0.1265625
4 0.60234375 0.42421875 0.0171875 0.0703125
4 0.43828125 0.48203125 0.01875 0.078125
2 0.19609375 0.440625 0.0390625 0.065625
2 0.875 0.9328125 0.15 0.134375
4 0.421875 0.53515625 0.0203125 0.0984375
4 0.55859375 0.41171875 0.0125 0.0609375
4 0.57578125 0.45 0.01875 0.08125
4 0.06171875 0.58359375 0.0171875 0.10625
4 0.26015625 0.33828125 0.0109375 0.04375
4 0.29609375 0.35390625 0.0125 0.0453125
2 0.17421875 0.3640625 0.05625 0.0546875
4 0.05 0.60078125 0.01875 0.1015625
4 0.2609375 0.49375 0.01875 0.065625
4 0.246875 0.53125 0.0203125 0.0796875
4 0.40546875 0.33125 0.0125 0.0421875
2 0.303125 0.26328125 0.015625 0.03125