2 0.709375 0.54375 0.125 0.1015625
2 0.2359375 0.8125 0.084375 0.2265625
2 0.09140625 0.5140625 0.05625 0.1421875
2 0.64296875 0.87109375 0.165625 0.18125
2 0.0265625 0.43671875 0.0390625 0.0609375
2 0.65078125 0.38046875 0.0359375 0.0640625
2 0.565625 0.359375 0.0375 0.059375
2 0.6859375 0.378125 0.0328125 0.05625
4 0.38125 0.35234375 0.015625 0.0546875
4 0.59140625 0.4203125 0.0140625 0.065625
4 0.84296875 0.45 0.015625 0.0625
2 0.6109375 0.3734375 0.0375 0.0609375
2 0.69921875 0.340625 0.0265625 0.04375
2 0.8796875 0.3359375 0.028125 0.05
0 0.453125 0.3859375 0.0265625 0.0453125
2 0.5890625 0.33125 0.0328125 0.0546875
2 0.81875 0.37734375 0.0328125 0.0640625
2 0.60703125 0.28125 0.0203125 0.0359375
2 0.06953125 0.478125 0.046875 0.0828125
4 0.4515625 0.36640625 0.0140625 0.046875
2 0.8078125 0.32109375 0.0234375 0.0453125
4 0.51640625 0.4 0.015625 0.05625
2 0.0484375 0.3640625 0.028125 0.0390625
2 0.815625 0.28515625 0.0171875 0.03125
4 0.9765625 0.521875 0.0140625 0.071875
2 0.646875 0.290625 0.025 0.0359375
2 0.6609375 0.3328125 0.0296875 0.0421875
4 0.33046875 0.36796875 0.0125 0.0453125
4 0.0125 0.53984375 0.015625 0.065625
2 0.63671875 0.3234375 0.021875 0.0375
2 0.5390625 0.3328125 0.0359375 0.0484375
2 0.0109375 0.40078125 0.021875 0.05625