2 0.9109375 0.63203125 0.1734375 0.171875
2 0.371875 0.67890625 0.1015625 0.2109375
2 0.4609375 0.56171875 0.075 0.128125
2 0.63828125 0.59375 0.1328125 0.1953125
2 0.56640625 0.73515625 0.1625 0.275
2 0.97265625 0.42578125 0.0546875 0.0765625
2 0.48984375 0.39765625 0.0390625 0.0828125
2 0.43984375 0.471875 0.059375 0.0921875
2 0.334375 0.5203125 0.0625 0.109375
2 0.84765625 0.2953125 0.0625 0.084375
2 0.9625 0.30859375 0.075 0.084375
2 0.93828125 0.878125 0.1234375 0.1828125
2 0.6046875 0.44609375 0.0453125 0.0875