2 0.315625 0.9046875 0.1984375 0.184375
2 0.721875 0.3421875 0.0390625 0.059375
2 0.6609375 0.34140625 0.05 0.05625
2 0.13671875 0.4234375 0.0375 0.0625
2 0.09140625 0.45390625 0.034375 0.071875
4 0.16875 0.45546875 0.0140625 0.0578125
2 0.6734375 0.284375 0.034375 0.034375
2 0.74609375 0.26796875 0.025 0.03125
0 0.1140625 0.50859375 0.034375 0.06875
2 0.70078125 0.3 0.0265625 0.0390625
2 0.9578125 0.34453125 0.01875 0.0421875
2 0.81875 0.25546875 0.021875 0.028125
4 0.0515625 0.49765625 0.0140625 0.0609375
2 0.7390625 0.234375 0.0203125 0.028125
4 0.42265625 0.34140625 0.0140625 0.05625
4 0.43125 0.33671875 0.0140625 0.0546875
4 0.1171875 0.4796875 0.0171875 0.05625
4 0.146875 0.4625 0.0140625 0.05625
4 0.1953125 0.44375 0.015625 0.0578125
2 0.7140625 0.271875 0.03125 0.03125
2 0.7265625 0.3078125 0.028125 0.0375
3 0.6234375 0.32109375 0.0171875 0.04375