2 0.8484375 0.6140625 0.059375 0.1296875
2 0.93828125 0.684375 0.0734375 0.1796875
2 0.61015625 0.3765625 0.0375 0.0625
2 0.15390625 0.428125 0.05625 0.059375
2 0.2171875 0.3921875 0.0484375 0.04375
2 0.0921875 0.509375 0.04375 0.103125
2 0.08359375 0.39453125 0.0390625 0.0484375
2 0.834375 0.4015625 0.0359375 0.0625
2 0.05 0.471875 0.053125 0.0890625
2 0.3765625 0.38046875 0.075 0.0625
2 0.68828125 0.378125 0.0328125 0.059375
2 0.91953125 0.4296875 0.0484375 0.109375
2 0.6984375 0.34140625 0.028125 0.0421875
2 0.64921875 0.3828125 0.0359375 0.065625
4 0.71171875 0.44453125 0.015625 0.0734375
4 0.67265625 0.41171875 0.0140625 0.0546875
4 0.0078125 0.5046875 0.015625 0.065625
2 0.6578125 0.3359375 0.028125 0.040625
4 0.49609375 0.41171875 0.0140625 0.059375
2 0.6375 0.31953125 0.0265625 0.04375
3 0.146875 0.51015625 0.021875 0.075
4 0.6140625 0.4078125 0.0125 0.0484375
2 0.50625 0.3453125 0.0546875 0.0546875
4 0.515625 0.4140625 0.0125 0.05625
4 0.61015625 0.41171875 0.0125 0.046875
0 0.084375 0.61015625 0.0265625 0.096875
4 0.51171875 0.41171875 0.0140625 0.05625