4 0.58359375 0.80625 0.0375 0.1421875
2 0.71875 0.784375 0.125 0.2640625
2 0.02109375 0.596875 0.0421875 0.1015625
2 0.1625 0.4515625 0.0453125 0.0640625
4 0.41796875 0.4828125 0.01875 0.0796875
4 0.87421875 0.85078125 0.0328125 0.1375
4 0.38046875 0.4484375 0.015625 0.0671875
2 0.6625 0.3609375 0.034375 0.0578125
4 0.56171875 0.5359375 0.0203125 0.1015625
4 0.50546875 0.50078125 0.0203125 0.0875
2 0.06015625 0.440625 0.0265625 0.0375
4 0.73203125 0.36796875 0.0140625 0.046875
4 0.95 0.60625 0.0203125 0.0984375
4 0.11015625 0.54765625 0.01875 0.0609375
4 0.71171875 0.51171875 0.021875 0.1015625
2 0.12578125 0.9328125 0.1515625 0.134375
4 0.2953125 0.446875 0.015625 0.059375
4 0.7328125 0.5078125 0.0203125 0.1078125
4 0.459375 0.47265625 0.0171875 0.0765625
2 0.80078125 0.440625 0.040625 0.078125
4 0.09453125 0.390625 0.0109375 0.0234375
4 0.3015625 0.4625 0.015625 0.0625
4 0.7453125 0.30078125 0.0109375 0.0390625
4 0.74296875 0.47734375 0.01875 0.0984375
2 0.75703125 0.2734375 0.0203125 0.0375
4 0.8171875 0.5921875 0.021875 0.1015625
4 0.69765625 0.31015625 0.0125 0.03125