2 0.55234375 0.61015625 0.090625 0.159375
2 0.765625 0.6703125 0.0953125 0.1828125
2 0.49609375 0.45703125 0.06875 0.121875
2 0.57734375 0.41640625 0.046875 0.0765625
2 0.1171875 0.5 0.0578125 0.0953125
2 0.08515625 0.540625 0.0421875 0.09375
2 0.69375 0.40078125 0.0359375 0.0703125
2 0.64765625 0.38671875 0.0359375 0.075
2 0.1171875 0.42890625 0.071875 0.103125
2 0.065625 0.4890625 0.040625 0.0828125
2 0.20390625 0.45078125 0.096875 0.096875
2 0.5453125 0.33359375 0.040625 0.046875
2 0.7078125 0.34453125 0.0265625 0.05
4 0.27890625 0.46171875 0.0140625 0.065625
2 0.609375 0.36171875 0.034375 0.059375
4 0.2984375 0.478125 0.015625 0.0703125
4 0.8234375 0.44453125 0.0125 0.0609375
2 0.6328125 0.32578125 0.0265625 0.046875
4 0.16953125 0.5328125 0.015625 0.065625
2 0.5921875 0.33515625 0.0328125 0.05
4 0.90625 0.4921875 0.015625 0.0640625
2 0.009375 0.40859375 0.01875 0.0671875
4 0.93671875 0.48984375 0.015625 0.0625
2 0.66640625 0.34296875 0.0328125 0.0625
4 0.26640625 0.35703125 0.0140625 0.046875
4 0.84765625 0.45234375 0.0125 0.059375
2 0.62734375 0.2875 0.0203125 0.034375
4 0.92421875 0.4578125 0.0125 0.0578125
4 0.01171875 0.5359375 0.0140625 0.0625
0 0.1484375 0.85234375 0.0625 0.1453125
2 0.6890625 0.28671875 0.0234375 0.046875
4 0.2109375 0.51171875 0.015625 0.065625
2 0.54921875 0.38515625 0.0359375 0.059375
2 0.23125 0.46328125 0.0421875 0.06875
4 0.87109375 0.47265625 0.015625 0.065625