2 0.3828125 0.76171875 0.115625 0.215625
2 0.81953125 0.7375 0.1203125 0.2109375
2 0.1703125 0.4328125 0.0546875 0.0609375
2 0.13125 0.4640625 0.05 0.071875
2 0.0859375 0.48125 0.040625 0.0734375
2 0.0359375 0.47109375 0.0390625 0.06875
2 0.70234375 0.35859375 0.03125 0.065625
2 0.68203125 0.30703125 0.028125 0.040625
2 0.01171875 0.421875 0.0234375 0.0625
2 0.8765625 0.32265625 0.021875 0.046875
2 0.05546875 0.42265625 0.03125 0.0515625
4 0.325 0.3640625 0.015625 0.05625
2 0.46171875 0.3578125 0.0625 0.05625
2 0.11875 0.4125 0.0375 0.04375
2 0.03984375 0.35859375 0.0265625 0.0390625
4 0.3859375 0.3984375 0.01875 0.0609375
2 0.053125 0.38046875 0.0390625 0.046875
2 0.565625 0.31953125 0.03125 0.0515625
2 0.09609375 0.40078125 0.028125 0.0484375
2 0.01953125 0.4109375 0.03125 0.05