2 0.44140625 0.56875 0.0703125 0.109375
2 0.4015625 0.82109375 0.0984375 0.10546875
2 0.63046875 0.9484375 0.09765625 0.103125
2 0.65546875 0.771875 0.096875 0.103125
2 0.54140625 0.628125 0.07578125 0.0921875
2 0.6484375 0.67578125 0.096875 0.10625
2 0.46796875 0.5109375 0.0734375 0.09375
2 0.59140625 0.5859375 0.08515625 0.09609375
2 0.7359375 0.64765625 0.084375 0.0875
2 0.78125 0.75703125 0.0796875 0.09453125
2 0.8578125 0.7125 0.0734375 0.1078125
2 0.8234375 0.93671875 0.08984375 0.1
2 0.178125 0.46640625 0.03984375 0.1015625