2 0.5125 0.74453125 0.11875 0.2328125
2 0.51015625 0.54609375 0.078125 0.1265625
2 0.8296875 0.4359375 0.0546875 0.0625
2 0.3890625 0.434375 0.046875 0.0828125
2 0.87109375 0.4640625 0.05 0.071875
2 0.91484375 0.47890625 0.040625 0.075
2 0.9640625 0.47109375 0.040625 0.0703125
2 0.6484375 0.3796875 0.0796875 0.0625
2 0.35 0.36796875 0.0359375 0.0765625
4 0.18125 0.46171875 0.0140625 0.06875
2 0.29765625 0.34453125 0.028125 0.059375
2 0.88125 0.41484375 0.0375 0.04375
4 0.203125 0.44921875 0.0140625 0.0703125
2 0.328125 0.32734375 0.028125 0.059375
2 0.97734375 0.4125 0.03125 0.0515625
2 0.9484375 0.4234375 0.028125 0.046875
2 0.1234375 0.321875 0.0203125 0.0453125
4 0.5390625 0.40703125 0.0140625 0.065625