2 0.56796875 0.56875 0.0890625 0.13125
2 0.90234375 0.5578125 0.0578125 0.1140625
2 0.8015625 0.45546875 0.059375 0.071875
2 0.92890625 0.49609375 0.04375 0.096875
2 0.409375 0.38671875 0.04375 0.06875
2 0.86484375 0.4796875 0.0546875 0.0984375
0 0.615625 0.47421875 0.040625 0.078125
4 0.14921875 0.4640625 0.0140625 0.071875
2 0.36640625 0.39453125 0.046875 0.0890625
2 0.38671875 0.296875 0.0390625 0.0703125
2 0.9265625 0.3578125 0.0328125 0.04375
0 0.2546875 0.4796875 0.0453125 0.0703125
2 0.9546875 0.465625 0.0359375 0.0640625
2 0.30234375 0.28125 0.028125 0.0546875
2 0.62734375 0.3765625 0.071875 0.059375
2 0.87734375 0.38515625 0.0328125 0.0359375
2 0.34140625 0.29609375 0.0234375 0.040625
2 0.4203125 0.3 0.0296875 0.0453125
4 0.55078125 0.39921875 0.0140625 0.0515625