2 0.4640625 0.59296875 0.0796875 0.0890625
2 0.38203125 0.52578125 0.059375 0.08671875
2 0.2765625 0.703125 0.0703125 0.0953125
2 0.28828125 0.48125 0.04140625 0.09453125
2 0.3453125 0.40078125 0.0484375 0.08046875
2 0.22890625 0.2421875 0.02734375 0.05703125
2 0.51484375 0.54296875 0.07734375 0.090625
2 0.29140625 0.32890625 0.0421875 0.0765625
2 0.2203125 0.3140625 0.03046875 0.07734375
2 0.49609375 0.71171875 0.08046875 0.09296875
2 0.44765625 0.4984375 0.0671875 0.07734375
2 0.60546875 0.7671875 0.1015625 0.1015625
2 0.59765625 0.85390625 0.09765625 0.09296875
2 0.7171875 0.784375 0.1140625 0.14140625
2 0.60546875 0.6734375 0.09453125 0.09765625
2 0.80234375 0.67265625 0.13125 0.14296875