2 0.85703125 0.63515625 0.0609375 0.10859375
2 0.43828125 0.72890625 0.14140625 0.13828125
2 0.54296875 0.84296875 0.1921875 0.246875
2 0.26640625 0.82265625 0.159375 0.1453125
2 0.52421875 0.6484375 0.09921875 0.15625
2 0.6984375 0.52421875 0.0640625 0.084375
2 0.82421875 0.53046875 0.05234375 0.06875
2 0.73046875 0.784375 0.1046875 0.19765625
2 0.86875 0.4765625 0.02890625 0.04765625
4 0.83515625 0.9265625 0.03125 0.1203125
2 0.11484375 0.90390625 0.196875 0.09921875
2 0.29296875 0.91796875 0.171875 0.15390625