2 0.23828125 0.66640625 0.0921875 0.15
2 0.22578125 0.52109375 0.06875 0.10625
2 0.46328125 0.77109375 0.1484375 0.2078125
2 0.309375 0.9296875 0.153125 0.140625
2 0.13828125 0.53125 0.0546875 0.10625
2 0.3703125 0.3265625 0.05625 0.053125
2 0.67578125 0.30546875 0.040625 0.0421875
2 0.13984375 0.42734375 0.040625 0.0625
2 0.075 0.40546875 0.0296875 0.0640625
2 0.1109375 0.37109375 0.028125 0.0515625
2 0.740625 0.3140625 0.034375 0.0453125
2 0.91953125 0.31953125 0.0265625 0.046875
2 0.78984375 0.303125 0.025 0.0390625
2 0.059375 0.35234375 0.0203125 0.0375
2 0.73828125 0.23359375 0.0203125 0.028125
2 0.803125 0.27421875 0.0203125 0.0328125
4 0.709375 0.3546875 0.0125 0.0421875
2 0.071875 0.32578125 0.0171875 0.0328125
4 0.0140625 0.8046875 0.028125 0.11875
2 0.759375 0.26953125 0.0234375 0.03125
4 0.609375 0.26171875 0.0109375 0.0421875
2 0.96015625 0.3453125 0.01875 0.0390625
4 0.60546875 0.2578125 0.0109375 0.040625
4 0.70546875 0.35546875 0.0125 0.0453125
4 0.51875 0.28359375 0.0109375 0.04375
2 0.8359375 0.275 0.0234375 0.03125
2 0.76796875 0.228125 0.015625 0.028125