2 0.64296875 0.63125 0.09296875 0.0953125
2 0.12578125 0.57421875 0.059375 0.1359375
2 0.42109375 0.68671875 0.1640625 0.23125
2 0.84765625 0.553125 0.05078125 0.06640625
2 0.31953125 0.56171875 0.08984375 0.09296875
2 0.73125 0.59140625 0.0796875 0.08515625
2 0.83671875 0.6984375 0.12109375 0.17890625
4 0.0890625 0.71796875 0.01875 0.08515625
2 0.084375 0.51328125 0.03515625 0.0578125
4 0.11640625 0.7109375 0.03046875 0.11328125
2 0.26796875 0.53671875 0.0484375 0.065625
2 0.2359375 0.5078125 0.05078125 0.0640625
2 0.75703125 0.88125 0.18046875 0.14765625
2 0.92109375 0.94609375 0.1578125 0.1078125