2 0.91015625 0.45078125 0.0375 0.06875
2 0.85234375 0.4359375 0.040625 0.0609375
2 0.8953125 0.36171875 0.0328125 0.0625
3 0.653125 0.37890625 0.034375 0.05
4 0.2578125 0.33203125 0.0109375 0.05
2 0.8796875 0.3984375 0.0296875 0.05
4 0.2921875 0.31796875 0.0109375 0.040625
2 0.92265625 0.415625 0.0296875 0.0484375
2 0.04140625 0.3453125 0.01875 0.0421875
2 0.9296875 0.384375 0.025 0.0421875
2 0.94140625 0.35234375 0.0203125 0.0359375
4 0.56640625 0.32734375 0.0140625 0.04375
4 0.5859375 0.36484375 0.0140625 0.0484375
2 0.15546875 0.253125 0.01875 0.0375
2 0.93359375 0.31796875 0.0171875 0.0296875
2 0.94609375 0.4484375 0.028125 0.0484375
2 0.2609375 0.23515625 0.021875 0.03125
4 0.390625 0.2625 0.0109375 0.0421875
2 0.2765625 0.221875 0.0234375 0.0296875
3 0.94453125 0.47734375 0.0203125 0.0609375