2 0.61484375 0.7578125 0.1359375 0.2390625
2 0.6015625 0.51015625 0.1 0.0953125
2 0.90625 0.54140625 0.0484375 0.11875
2 0.87109375 0.4734375 0.0546875 0.096875
2 0.7765625 0.45703125 0.06875 0.078125
2 0.734375 0.39140625 0.071875 0.05625
2 0.4421875 0.3515625 0.0546875 0.10625
4 0.15078125 0.4515625 0.0171875 0.0671875
2 0.934375 0.48203125 0.0390625 0.071875
4 0.07265625 0.525 0.0171875 0.0796875
2 0.8609375 0.4140625 0.0453125 0.0546875
2 0.3046875 0.3859375 0.0359375 0.0625
2 0.396875 0.36640625 0.0359375 0.0609375
0 0.1546875 0.346875 0.0125 0.05
4 0.325 0.4390625 0.0125 0.0640625
2 0.3359375 0.35703125 0.0359375 0.078125
2 0.37734375 0.33671875 0.0328125 0.0578125
2 0.9203125 0.37890625 0.0421875 0.0609375
2 0.96015625 0.44609375 0.03125 0.0546875
3 0.7828125 0.590625 0.0359375 0.10625
2 0.35078125 0.278125 0.028125 0.0703125
2 0.95078125 0.40625 0.0265625 0.0390625
2 0.91875 0.434375 0.034375 0.05
2 0.290625 0.3125 0.025 0.0484375
4 0.98671875 0.48046875 0.0140625 0.05625
2 0.296875 0.34765625 0.03125 0.040625
2 0.29296875 0.3296875 0.0265625 0.0359375
2 0.9734375 0.3890625 0.0265625 0.0390625
2 0.321875 0.30078125 0.0234375 0.046875
4 0.6796875 0.42421875 0.0140625 0.059375
4 0.73359375 0.40625 0.0109375 0.059375
2 0.48828125 0.34609375 0.0515625 0.053125
4 0.4921875 0.365625 0.009375 0.05625
4 0.2890625 0.43984375 0.0203125 0.0671875
4 0.04375 0.5046875 0.015625 0.0703125