2 0.1578125 0.48671875 0.053125 0.084375
2 0.1171875 0.53984375 0.0515625 0.1140625
2 0.584375 0.3421875 0.040625 0.0625
2 0.0640625 0.47734375 0.059375 0.1265625
2 0.22421875 0.44765625 0.0609375 0.065625
2 0.42421875 0.375 0.06875 0.0625
2 0.70390625 0.3375 0.0265625 0.046875
4 0.89375 0.4828125 0.015625 0.06875
4 0.24140625 0.51875 0.015625 0.078125
4 0.49140625 0.415625 0.0140625 0.05625
2 0.125 0.44296875 0.0421875 0.0609375
2 0.64765625 0.3765625 0.034375 0.0609375
2 0.646875 0.28984375 0.025 0.0390625
4 0.696875 0.40234375 0.0125 0.0609375
2 0.021875 0.45078125 0.0375 0.0703125
2 0.66328125 0.340625 0.028125 0.0421875
4 0.80625 0.446875 0.015625 0.05625
2 0.13828125 0.38125 0.040625 0.0421875
4 0.60859375 0.4359375 0.0125 0.0640625
2 0.08828125 0.44921875 0.0421875 0.0671875
4 0.30546875 0.3875 0.0140625 0.0546875
4 0.58515625 0.43828125 0.0125 0.065625
2 0.6 0.28515625 0.0203125 0.0375
2 0.1484375 0.41875 0.046875 0.046875
4 0.31015625 0.3828125 0.0140625 0.0546875
4 0.5703125 0.41484375 0.009375 0.0625
4 0.5578125 0.42109375 0.01875 0.0609375
4 0.5359375 0.40703125 0.01875 0.0609375
4 0.52890625 0.33828125 0.0484375 0.0515625