2 0.6328125 0.6796875 0.196875 0.20625
2 0.2765625 0.4703125 0.109375 0.128125
2 0.04609375 0.77265625 0.0921875 0.28125
2 0.578125 0.49296875 0.153125 0.1046875
2 0.3296875 0.37265625 0.09375 0.10625
2 0.109375 0.28671875 0.0578125 0.0546875
2 0.07265625 0.340625 0.065625 0.09375
2 0.97109375 0.665625 0.0578125 0.1796875
2 0.98125 0.38671875 0.0375 0.0859375
3 0.15625 0.36015625 0.03125 0.0765625
4 0.0796875 0.5109375 0.034375 0.1
2 0.57578125 0.42109375 0.121875 0.0953125
3 0.925 0.3890625 0.021875 0.075