2 0.74375 0.63125 0.09375 0.15625
2 0.5703125 0.703125 0.125 0.1609375
2 0.21328125 0.628125 0.1140625 0.1515625
2 0.43125 0.46640625 0.0859375 0.109375
2 0.65 0.384375 0.05625 0.078125
2 0.51328125 0.390625 0.0609375 0.078125
2 0.21015625 0.5625 0.10625 0.1140625
2 0.90703125 0.40859375 0.0328125 0.0703125
2 0.83046875 0.38984375 0.0359375 0.0625
2 0.825 0.46640625 0.0484375 0.096875
0 0.2859375 0.4171875 0.0328125 0.0578125
2 0.09375 0.45390625 0.0328125 0.075
2 0.66796875 0.28125 0.0421875 0.0375
2 0.559375 0.2890625 0.0546875 0.046875
2 0.0734375 0.334375 0.0203125 0.03125
2 0.81015625 0.2515625 0.0203125 0.0375
2 0.765625 0.26328125 0.028125 0.0328125
2 0.7171875 0.26796875 0.0328125 0.03125
2 0.95859375 0.34453125 0.01875 0.0390625
4 0.0734375 0.49765625 0.0140625 0.0625
3 0.35625 0.43203125 0.040625 0.075
2 0.7390625 0.23828125 0.028125 0.0328125
2 0.0453125 0.2890625 0.0125 0.0203125
4 0.14765625 0.45859375 0.0125 0.046875
2 0.03046875 0.31640625 0.0140625 0.021875
2 0.65625 0.89921875 0.178125 0.2
0 0.66015625 0.30390625 0.0171875 0.0375