2 0.1640625 0.53984375 0.09375 0.0921875
2 0.76171875 0.53671875 0.0703125 0.1140625
2 0.71875 0.81953125 0.125 0.2265625
2 0.47109375 0.4078125 0.078125 0.078125
2 0.86015625 0.53671875 0.059375 0.1203125
2 0.41328125 0.3953125 0.065625 0.075
2 0.4828125 0.34609375 0.059375 0.059375
2 0.1265625 0.5078125 0.0875 0.09375
2 0.9125 0.421875 0.0359375 0.0703125
2 0.57109375 0.33984375 0.046875 0.0515625
2 0.87734375 0.38515625 0.0328125 0.0625
2 0.29296875 0.31171875 0.0375 0.0625
2 0.72734375 0.31328125 0.0390625 0.04375
2 0.25546875 0.30234375 0.03125 0.046875
2 0.63984375 0.3359375 0.04375 0.046875
2 0.146875 0.52890625 0.0515625 0.1078125
2 0.9125 0.34609375 0.021875 0.040625
2 0.83359375 0.27734375 0.0234375 0.0296875
2 0.678125 0.29765625 0.0359375 0.0359375
2 0.340625 0.27734375 0.0375 0.0390625
2 0.9390625 0.3625 0.021875 0.05
4 0.15234375 0.39765625 0.0140625 0.053125
2 0.78828125 0.2921875 0.0234375 0.03125
2 0.2609375 0.23671875 0.021875 0.0328125
2 0.9328125 0.32109375 0.0171875 0.0296875
2 0.9671875 0.3421875 0.015625 0.034375
2 0.66484375 0.30625 0.0234375 0.046875
2 0.94375 0.34140625 0.0171875 0.0296875
2 0.9953125 0.396875 0.009375 0.0375
3 0.41796875 0.31328125 0.0203125 0.0453125