2 0.89375 0.54453125 0.053125 0.1125
2 0.19921875 0.44296875 0.0578125 0.06875
2 0.84921875 0.4265625 0.0359375 0.0671875
2 0.82734375 0.48984375 0.0421875 0.0828125
2 0.83046875 0.3515625 0.0265625 0.046875
2 0.0984375 0.50078125 0.046875 0.0796875
2 0.5734375 0.36015625 0.034375 0.0609375
2 0.14140625 0.47109375 0.0515625 0.0734375
2 0.878125 0.4078125 0.0296875 0.05625
2 0.0890625 0.43203125 0.0390625 0.0609375
2 0.7015625 0.36015625 0.03125 0.06875
2 0.66171875 0.34609375 0.028125 0.053125
2 0.51328125 0.34453125 0.0546875 0.053125
2 0.78984375 0.33046875 0.025 0.046875
2 0.6359375 0.3796875 0.0359375 0.0625
2 0.06328125 0.4671875 0.0421875 0.06875
2 0.984375 0.5984375 0.03125 0.165625
4 0.29921875 0.5421875 0.021875 0.075
2 0.67265625 0.3015625 0.0265625 0.046875
2 0.0296875 0.4421875 0.0328125 0.0578125
2 0.8765625 0.32421875 0.021875 0.0375
4 0.33046875 0.49296875 0.01875 0.0765625
4 0.140625 0.69765625 0.0234375 0.0953125
4 0.778125 0.45 0.0140625 0.075
4 0.37421875 0.3578125 0.0125 0.053125
4 0.72265625 0.42265625 0.0109375 0.0640625
2 0.82734375 0.315625 0.0234375 0.040625
2 0.815625 0.27421875 0.0203125 0.0296875
2 0.053125 0.41875 0.025 0.0421875
2 0.8546875 0.3046875 0.01875 0.0328125
4 0.31796875 0.3953125 0.0125 0.059375
4 0.62890625 0.39375 0.015625 0.059375
4 0.74375 0.48125 0.0125 0.08125
1 0.10390625 0.3875 0.140625 0.115625