2 0.08203125 0.5421875 0.04375 0.0953125
2 0.57578125 0.4609375 0.0515625 0.090625
2 0.11796875 0.49765625 0.0578125 0.09375
2 0.703125 0.359375 0.0328125 0.0578125
2 0.6828125 0.4515625 0.0390625 0.0890625
2 0.82890625 0.278125 0.03125 0.075
2 0.56953125 0.353125 0.0421875 0.078125
2 0.65703125 0.3515625 0.034375 0.05625
2 0.1171875 0.42890625 0.0703125 0.103125
2 0.06328125 0.4875 0.040625 0.08125
2 0.61796875 0.34609375 0.0328125 0.053125
4 0.29375 0.4375 0.015625 0.0609375
2 0.20859375 0.45234375 0.10625 0.0984375
4 0.16015625 0.55703125 0.015625 0.0875
4 0.28046875 0.4515625 0.0140625 0.053125
4 0.434375 0.4546875 0.015625 0.0484375
4 0.8265625 0.4671875 0.0140625 0.0640625
2 0.6390625 0.3203125 0.0265625 0.040625
2 0.709375 0.32265625 0.028125 0.0359375
4 0.76171875 0.43515625 0.0140625 0.0609375
2 0.671875 0.31875 0.028125 0.0453125
4 0.26484375 0.48203125 0.015625 0.05625
4 0.9453125 0.484375 0.0140625 0.0609375
2 0.6140625 0.27109375 0.021875 0.0359375
2 0.875 0.321875 0.025 0.04375
4 0.91171875 0.465625 0.0125 0.0578125
4 0.8703125 0.465625 0.015625 0.0671875
4 0.89453125 0.4859375 0.0125 0.06875