2 0.36875 0.79453125 0.13125 0.23125
2 0.5390625 0.46796875 0.06875 0.1203125
2 0.25234375 0.73046875 0.19375 0.340625
2 0.19765625 0.4578125 0.0609375 0.0734375
2 0.09765625 0.55703125 0.0546875 0.1125
2 0.13359375 0.48046875 0.0578125 0.1
2 0.81640625 0.76171875 0.1109375 0.1984375
2 0.0703125 0.49765625 0.04375 0.0921875
2 0.62421875 0.4296875 0.046875 0.08125
2 0.59453125 0.38359375 0.0421875 0.075
2 0.65234375 0.346875 0.03125 0.0625
2 0.68203125 0.45703125 0.040625 0.0890625
2 0.034375 0.4515625 0.0375 0.0546875
2 0.70234375 0.3171875 0.0265625 0.0484375
2 0.87578125 0.32421875 0.0234375 0.04375
2 0.684375 0.290625 0.0203125 0.0375
0 0.3828125 0.47421875 0.0421875 0.0828125
4 0.76015625 0.4375 0.0140625 0.0640625
2 0.6484375 0.3046875 0.0234375 0.040625
2 0.66640625 0.27109375 0.0203125 0.0296875
2 0.63515625 0.27421875 0.0265625 0.0578125