2 0.83671875 0.4859375 0.059375 0.0796875
2 0.03984375 0.759375 0.0796875 0.190625
2 0.15546875 0.5859375 0.0671875 0.1546875
2 0.93984375 0.48203125 0.0453125 0.0734375
2 0.88671875 0.51328125 0.0515625 0.0859375
2 0.43359375 0.34765625 0.0578125 0.0921875
2 0.5984375 0.371875 0.0703125 0.0625
2 0.3234375 0.3890625 0.034375 0.0640625
2 0.3921875 0.359375 0.0359375 0.0578125
2 0.3515625 0.2984375 0.0234375 0.040625
2 0.83125 0.43984375 0.05625 0.059375
4 0.2140625 0.44296875 0.015625 0.0703125
4 0.33671875 0.4328125 0.015625 0.0703125
2 0.34375 0.36015625 0.034375 0.0578125
2 0.9609375 0.453125 0.03125 0.05625
0 0.49765625 0.38984375 0.03125 0.059375
2 0.90703125 0.39765625 0.03125 0.0359375
2 0.6984375 0.37890625 0.040625 0.053125
4 0.42734375 0.4265625 0.0140625 0.0625
2 0.32109375 0.30390625 0.0234375 0.0359375
2 0.12265625 0.321875 0.0203125 0.040625
2 0.33125 0.32890625 0.0296875 0.0421875
2 0.32265625 0.26015625 0.0203125 0.0328125
2 0.8296875 0.390625 0.0515625 0.040625
4 0.35078125 0.42421875 0.0125 0.065625
2 0.2875 0.25234375 0.0171875 0.0328125
2 0.9296875 0.384375 0.028125 0.0359375