2 0.18984375 0.57578125 0.0984375 0.10625
2 0.32890625 0.5453125 0.125 0.0984375
2 0.53125 0.52109375 0.1171875 0.1125
2 0.8140625 0.47890625 0.078125 0.1265625
2 0.65859375 0.65859375 0.1125 0.1765625
2 0.146875 0.46796875 0.046875 0.096875
2 0.69296875 0.80859375 0.1375 0.225
2 0.8921875 0.50078125 0.05625 0.109375
2 0.43046875 0.35390625 0.040625 0.075
2 0.3390625 0.340625 0.034375 0.0515625
2 0.38046875 0.35859375 0.0359375 0.075
2 0.95 0.43984375 0.040625 0.0703125
2 0.93125 0.3859375 0.040625 0.0484375
4 0.21171875 0.44765625 0.015625 0.0640625
2 0.984375 0.41328125 0.03125 0.0484375
4 0.325 0.4171875 0.0140625 0.0625
4 0.6203125 0.38828125 0.015625 0.059375
2 0.36171875 0.31328125 0.025 0.0375
2 0.290625 0.31796875 0.0265625 0.028125
2 0.29609375 0.340625 0.0359375 0.0390625
4 0.6375 0.3875 0.015625 0.059375
2 0.29765625 0.3671875 0.0375 0.08125
4 0.5140625 0.38828125 0.0125 0.053125
4 0.4796875 0.3796875 0.015625 0.046875
4 0.53046875 0.39140625 0.0125 0.0609375
4 0.5171875 0.38515625 0.0109375 0.0546875