2 0.8453125 0.68046875 0.0671875 0.16875
2 0.94921875 0.58515625 0.0609375 0.1125
2 0.16015625 0.48515625 0.0640625 0.08125
2 0.89375 0.5515625 0.0515625 0.0921875
2 0.68515625 0.3796875 0.0296875 0.0625
2 0.08828125 0.51015625 0.04375 0.0953125
2 0.85078125 0.4515625 0.034375 0.0703125
2 0.56640625 0.3625 0.0390625 0.059375
2 0.08828125 0.4390625 0.04375 0.0609375
2 0.7921875 0.3421875 0.0265625 0.0515625
2 0.05 0.4734375 0.0484375 0.084375
2 0.8796875 0.42734375 0.0328125 0.065625
2 0.8015625 0.41640625 0.03125 0.0640625
2 0.9203125 0.428125 0.0453125 0.1046875
2 0.60859375 0.37578125 0.0390625 0.0671875
2 0.83515625 0.35 0.0296875 0.04375
2 0.64765625 0.3828125 0.034375 0.065625
2 0.8359375 0.39453125 0.028125 0.05625
2 0.1078125 0.40234375 0.04375 0.059375
2 0.6984375 0.34140625 0.025 0.046875
2 0.0140625 0.428125 0.028125 0.0546875
2 0.0625 0.3859375 0.0375 0.04375
2 0.659375 0.33359375 0.028125 0.04375
4 0.65390625 0.42265625 0.0140625 0.059375
4 0.01484375 0.64765625 0.0234375 0.0859375
2 0.81015625 0.31015625 0.01875 0.04375
4 0.53046875 0.43046875 0.0140625 0.059375
0 0.08671875 0.6125 0.03125 0.090625
2 0.5671875 0.3109375 0.03125 0.046875
2 0.62109375 0.3375 0.028125 0.0390625
2 0.16171875 0.42578125 0.0546875 0.0578125
2 0.8828125 0.3453125 0.0328125 0.0640625
2 0.7828125 0.29140625 0.01875 0.0328125
2 0.17890625 0.39921875 0.065625 0.053125
2 0.82890625 0.29609375 0.01875 0.034375
4 0.01171875 0.52421875 0.015625 0.065625
2 0.70625 0.31328125 0.0234375 0.0421875
2 0.6765625 0.2921875 0.021875 0.0390625
4 0.21171875 0.4140625 0.015625 0.05
3 0.14375 0.5078125 0.021875 0.06875