2 0.1578125 0.4859375 0.053125 0.0859375
2 0.87890625 0.80859375 0.0859375 0.2046875
2 0.2234375 0.45078125 0.059375 0.0734375
2 0.80390625 0.38671875 0.03125 0.059375
2 0.11796875 0.54296875 0.053125 0.1203125
2 0.85390625 0.45546875 0.0421875 0.078125
2 0.9359375 0.4625 0.059375 0.125
2 0.57265625 0.3546875 0.0390625 0.065625
2 0.54375 0.3359375 0.0390625 0.0515625
2 0.61953125 0.34609375 0.03125 0.059375
2 0.0640625 0.478125 0.059375 0.128125
2 0.7 0.36484375 0.028125 0.05625
2 0.8515625 0.33984375 0.025 0.0453125
4 0.38359375 0.35390625 0.0140625 0.0546875
2 0.64921875 0.37578125 0.034375 0.0625
4 0.59921875 0.4171875 0.0125 0.0671875
2 0.81484375 0.31015625 0.025 0.04375
2 0.9859375 0.69609375 0.028125 0.1484375
2 0.125 0.4421875 0.04375 0.059375
2 0.02265625 0.45625 0.0359375 0.059375
2 0.6640625 0.34375 0.0265625 0.0515625
4 0.703125 0.46796875 0.0171875 0.075
2 0.14921875 0.41484375 0.0453125 0.05
4 0.83671875 0.5421875 0.025 0.0828125
2 0.78515625 0.30625 0.0203125 0.046875
2 0.09453125 0.45 0.0375 0.0671875
2 0.64375 0.31796875 0.03125 0.059375
2 0.13125 0.38125 0.0359375 0.0375
4 0.25703125 0.38203125 0.0140625 0.05
4 0.37890625 0.35703125 0.0140625 0.0546875
4 0.4484375 0.3953125 0.01875 0.053125
2 0.61328125 0.2734375 0.021875 0.034375
2 0.1421875 0.43671875 0.0515625 0.059375
2 0.709375 0.29375 0.01875 0.0390625
4 0.775 0.45078125 0.0125 0.0703125
2 0.703125 0.3265625 0.0203125 0.034375
4 0.36484375 0.36484375 0.0125 0.0484375