2 0.37265625 0.659375 0.1265625 0.1671875
2 0.2875 0.47578125 0.0796875 0.090625
2 0.1796875 0.4953125 0.0625 0.090625
2 0.2046875 0.66796875 0.09375 0.1765625
2 0.09921875 0.5109375 0.0546875 0.090625
2 0.140625 0.41796875 0.05 0.05625
2 0.08203125 0.43515625 0.0390625 0.0546875
2 0.70234375 0.3578125 0.03125 0.0609375
2 0.57421875 0.359375 0.0375 0.0578125
2 0.01875 0.43828125 0.0328125 0.0578125
2 0.06640625 0.36484375 0.03125 0.0390625
2 0.04296875 0.38046875 0.0265625 0.0390625
2 0.66171875 0.34765625 0.028125 0.0515625
2 0.0109375 0.37109375 0.021875 0.04375
2 0.709375 0.31953125 0.0203125 0.0390625
2 0.6203125 0.34453125 0.028125 0.0515625
1 0.61640625 0.4984375 0.4890625 0.2
2 0.753125 0.94140625 0.18125 0.1171875
2 0.63515625 0.37421875 0.040625 0.0609375
2 0.828125 0.37890625 0.028125 0.053125