2 0.80234375 0.4578125 0.0609375 0.071875
2 0.0734375 0.68984375 0.0734375 0.1671875
2 0.91796875 0.43359375 0.040625 0.0640625
2 0.8609375 0.478125 0.053125 0.0921875
2 0.14140625 0.4515625 0.0375 0.071875
2 0.92890625 0.49609375 0.04375 0.09375
2 0.115625 0.8546875 0.090625 0.1859375
2 0.39609375 0.36796875 0.0375 0.0609375
2 0.3359375 0.35390625 0.0359375 0.0828125
2 0.1984375 0.39375 0.03125 0.075
2 0.3046875 0.3859375 0.034375 0.0625
2 0.88125 0.409375 0.0421875 0.0484375
2 0.95390625 0.46640625 0.03125 0.0625
2 0.378125 0.33828125 0.0328125 0.05625
4 0.98203125 0.61875 0.0203125 0.075
2 0.721875 0.38984375 0.0703125 0.0515625
4 0.25859375 0.49140625 0.015625 0.0796875
2 0.296875 0.3484375 0.034375 0.046875
4 0.4296875 0.4015625 0.0140625 0.0640625
2 0.90234375 0.55703125 0.0546875 0.1140625
4 0.55703125 0.36875 0.0125 0.0484375
2 0.28984375 0.31328125 0.028125 0.046875
2 0.32578125 0.31171875 0.0296875 0.0375
2 0.11015625 0.3640625 0.04375 0.0734375
2 0.95390625 0.4125 0.0359375 0.05625
2 0.421875 0.2953125 0.0328125 0.0515625
3 0.85234375 0.53515625 0.028125 0.0765625
4 0.675 0.36015625 0.0109375 0.05
4 0.57734375 0.36953125 0.0125 0.0484375
4 0.42265625 0.396875 0.0109375 0.0609375
2 0.31171875 0.2703125 0.01875 0.0359375
2 0.3921875 0.2703125 0.0234375 0.0375
2 0.3546875 0.2421875 0.015625 0.028125
2 0.20234375 0.2859375 0.01875 0.0359375
2 0.31796875 0.2359375 0.0171875 0.025